* Dictionary *
session:	session #
period:	period #
round:	round # within the period
id:		id #
position:	position in the network; 1:=s1, 2:=s2, 3:=b1, 4:=s3, 5:=s4, 6:=b2, 7:=b3
vote:		= 1 if the subjected accepted the best offer received, i.e. offer_1
by:		position of subject whose offer is accepted
payoff:	payoff in that round
V:		= 1 if subject is part of the V network, = 0 o/w
X:		= 1 if subject is part of the |X| network, = 0 o/w
N:		= 1 if subject is part of the N network, = 0 o/w
amount:	amount to be divided
offer:	amount offered
offer_1:	best offer received
offer_2:	second best offer received
offer_3:	worst offer received
accepted:	= 1 if offer was accepted, = 0 o/w
link_bt:	= 1 if there is a link from the bottom of the V (b1) to the top of the |X| or the N (s3), 0 o/w
link_tb:	= 1 if there is a link from the top of the V (s2) to the bottom of the |X| or the N (b2), 0 o/w
* Note that 10 observations from 5 periods have been changed after publication of the paper. These were recording mistakes.
**************

session	period	round	id	position	vote	by	payoff	V	X	N	amount	offer	offer_1	offer_2	offer_3	accepted	link_bt	link_tb
1	1	1	1	1			200	1	0	0	2500	1250				0	0	0
1	1	1	4	2			1000	1	0	0	2500	1500				1	0	0
1	1	1	6	3	1	2	1500	1	0	0	2500		1500	1250			0	0
1	1	1	2	4			1000	0	1	0	2500	1000				1	0	0
1	1	1	3	5			0	0	1	0	2500	1000				0	0	0
1	1	1	5	6	1	4	1000	0	1	0	2500		1000	1000			0	0
1	1	1	7	7	0		0	0	1	0	2500		1000	1000		0	0	0
1	1	2	3	5	1	7	1200	0	1	0	2400		1200				0	0
1	1	2	7	7			1200	0	1	0	2400	1200				1	0	0
1	2	1	6	1			0	1	0	0	2500	1500				0	0	0
1	2	1	1	2			0	1	0	0	2500	1600				0	0	0
1	2	1	4	3	0		0	1	0	0	2500		1600	1500		0	0	0
1	2	1	5	4			0	0	1	0	2500	1000				0	0	0
1	2	1	7	5			1250	0	1	0	2500	1250				1	0	0
1	2	1	2	6	1	5	1250	0	1	0	2500		1250	1000			0	0
1	2	1	3	7	1	5	0	0	1	0	2500		1250	1000			0	0
1	2	2	6	1	1	3	400	1	0	0	2400		400				0	0
1	2	2	1	2	0		200	1	0	0	2400		400			0	0	0
1	2	2	4	3			2000	1	0	0	2400	400				1	0	0
1	2	2	5	4	0		0	0	1	0	2400		1000			0	0	0
1	2	2	3	7			0	0	1	0	2400	1000				0	0	0
1	2	3	5	4			0	0	1	0	2300	1150				0	0	0
1	2	3	3	7	0		0	0	1	0	2300		1150			0	0	0
1	2	4	5	4	0		0	0	1	0	2200		1000			0	0	0
1	2	4	3	7			0	0	1	0	2200	1000				0	0	0
1	2	5	5	4			1050	0	1	0	2100	1050				1	0	0
1	2	5	3	7	1	4	1050	0	1	0	2100		1050				0	0
1	3	1	4	1			500	1	0	0	2500	2000				1	0	0
1	3	1	6	2			200	1	0	0	2500	1500				0	0	0
1	3	1	1	3	1	1	2000	1	0	0	2500		2000	1500			0	0
1	3	1	3	4			1500	0	1	0	2500	1000				1	0	0
1	3	1	2	5			0	0	1	0	2500	1000				0	0	0
1	3	1	7	6	1	4	1000	0	1	0	2500		1000	1000			0	0
1	3	1	5	7	0		0	0	1	0	2500		1000	1000		0	0	0
1	3	2	2	5	1	7	1200	0	1	0	2400		1200				0	0
1	3	2	5	7			1200	0	1	0	2400	1200				1	0	0
1	4	1	6	1			500	1	0	0	2500	2000				1	0	0
1	4	1	1	2			200	1	0	0	2500	2000				0	0	0
1	4	1	4	3	1	1	2000	1	0	0	2500		2000	2000			0	0
1	4	1	7	4			1250	0	1	0	2500	1250				1	0	0
1	4	1	5	5			0	0	1	0	2500	1000				0	0	0
1	4	1	2	6	1	4	1250	0	1	0	2500		1250	1000			0	0
1	4	1	3	7	1	4	0	0	1	0	2500		1250	1000			0	0
1	4	2	5	5	1	7	1150	0	1	0	2400		1150				0	0
1	4	2	3	7			1250	0	1	0	2400	1150				1	0	0
1	5	1	4	1			500	1	0	0	2500	2000				1	1	0
1	5	1	6	2			200	1	0	0	2500	2000				0	1	0
1	5	1	1	3	1	1	2000	1	0	0	2500		2000	2000	1500		1	0
1	5	1	5	4			1000	0	1	0	2500	1500				1	1	0
1	5	1	7	5			0	0	1	0	2500	1250				0	1	0
1	5	1	3	6	1	4	0	0	1	0	2500		1500	1250			1	0
1	5	1	2	7	1	4	1500	0	1	0	2500		1500	1250			1	0
1	5	2	7	5	1	6	1150	0	1	0	2400		1150				1	0
1	5	2	3	6			1250	0	1	0	2400	1150				1	1	0
1	6	1	1	1			475	1	0	0	2500	2025				1	1	0
1	6	1	4	2			200	1	0	0	2500	2005				0	1	0
1	6	1	6	3	1	1	2025	1	0	0	2500		2025	2005	1100		1	0
1	6	1	7	4			0	0	1	0	2500	1100				0	1	0
1	6	1	2	5			0	0	1	0	2500	1000				0	1	0
1	6	1	5	6	0		0	0	1	0	2500		1100	1000		0	1	0
1	6	1	3	7	0		0	0	1	0	2500		1100	1000		0	1	0
1	6	2	7	4	1	6	1150	0	1	0	2400		1150	1150			1	0
1	6	2	2	5	1	7	1150	0	1	0	2400		1150	1150			1	0
1	6	2	5	6			1250	0	1	0	2400	1150				1	1	0
1	6	2	3	7			1250	0	1	0	2400	1150				1	1	0
1	7	1	6	1			400	1	0	0	2500	2100				0	1	0
1	7	1	1	2			200	1	0	0	2500	2050				0	1	0
1	7	1	4	3	1	4	2100	1	0	0	2500		2100	2050	1200		1	0
1	7	1	3	4			1300	0	1	0	2500	1200				1	1	0
1	7	1	5	5			1300	0	1	0	2500	1200				1	1	0
1	7	1	2	6	1	4	1200	0	1	0	2500		1200	1200			1	0
1	7	1	7	7	1	5	1200	0	1	0	2500		1200	1200			1	0
1	8	1	1	1			200	1	0	0	2500	2100				0	1	0
1	8	1	4	2			370	1	0	0	2500	2130				1	1	0
1	8	1	6	3	1	2	2130	1	0	0	2500		2130	2100	1000		1	0
1	8	1	7	4			0	0	1	0	2500	1000				0	1	0
1	8	1	3	5			1300	0	1	0	2500	1200				1	1	0
1	8	1	5	6	1	5	0	0	1	0	2500		1200	1000			1	0
1	8	1	2	7	1	5	1200	0	1	0	2500		1200	1000			1	0
1	8	2	7	4	1	6	1150	0	1	0	2400		1150				1	0
1	8	2	5	6			1250	0	1	0	2400	1150				1	1	0
1	9	1	4	1			349	1	0	0	2500	2151				0	1	0
1	9	1	6	2			200	1	0	0	2500	2100				0	1	0
1	9	1	1	3	1	3	2151	1	0	0	2500		2151	2100	1250		1	0
1	9	1	3	4			1250	0	1	0	2500	1250				1	1	0
1	9	1	2	5			0	0	1	0	2500	1100				0	1	0
1	9	1	7	6	1	4	0	0	1	0	2500		1250	1100			1	0
1	9	1	5	7	1	4	1250	0	1	0	2500		1250	1100			1	0
1	9	2	2	5	1	6	1200	0	1	0	2400		1200				1	0
1	9	2	7	6			1200	0	1	0	2400	1200				1	1	0
1	10	1	6	1			300	1	0	0	2500	2200				1	1	0
1	10	1	1	2			200	1	0	0	2500	1600				0	1	0
1	10	1	4	3	1	1	2200	1	0	0	2500		2200	1600	1200		1	0
1	10	1	2	4			0	0	1	0	2500	1200				0	1	0
1	10	1	5	5			1300	0	1	0	2500	1200				1	1	0
1	10	1	3	6	0		0	0	1	0	2500		1200	1200		0	1	0
1	10	1	7	7	1	5	1200	0	1	0	2500		1200	1200			1	0
1	10	2	2	4	0		0	0	1	0	2400		1150			0	1	0
1	10	2	3	6			0	0	1	0	2400	1150				0	1	0
1	10	3	2	4			1150	0	1	0	2300	1150				1	1	0
1	10	3	3	6	1	4	1150	0	1	0	2300		1150				1	0
2	1	1	8	1			1200	1	0	0	2500	1300				1	0	0
2	1	1	11	2			200	1	0	0	2500	1275				0	0	0
2	1	1	13	3	1	1	1300	1	0	0	2500		1300	1275			0	0
2	1	1	9	4			1400	0	1	0	2500	1100				1	0	0
2	1	1	10	5			0	0	1	0	2500	700				0	0	0
2	1	1	12	6	1	4	1100	0	1	0	2500		1100	700			0	0
2	1	1	14	7	0		0	0	1	0	2500		1100	700		0	0	0
2	1	2	10	5	1	7	1200	0	1	0	2400		1200				0	0
2	1	2	14	7			1200	0	1	0	2400	1200				1	0	0
2	2	1	13	1			1100	1	0	0	2500	1400				1	0	0
2	2	1	8	2			200	1	0	0	2500	1300				0	0	0
2	2	1	11	3	1	1	1400	1	0	0	2500		1400	1300			0	0
2	2	1	12	4			1250	0	1	0	2500	1250				0	0	0
2	2	1	14	5			0	0	1	0	2500	1200				1	0	0
2	2	1	9	6	1	5	1250	0	1	0	2500		1250	1200			0	0
2	2	1	10	7	1	5	0	0	1	0	2500		1250	1200			0	0
2	2	2	14	5	1	7	1200	0	1	0	2400		1200				0	0
2	2	2	10	7			1200	0	1	0	2400	1200				1	0	0
2	3	1	11	1			200	1	0	0	2500	1400				0	0	0
2	3	1	13	2			1000	1	0	0	2500	1500				1	0	0
2	3	1	8	3	1	2	1500	1	0	0	2500		1500	1400			0	0
2	3	1	10	4			1200	0	1	0	2500	1300				1	0	0
2	3	1	9	5			0	0	1	0	2500	1200				0	0	0
2	3	1	14	6	1	4	1300	0	1	0	2500		1300	1200			0	0
2	3	1	12	7	1	4	0	0	1	0	2500		1300	1200			0	0
2	3	2	9	5	1	7	1200	0	1	0	2400		1200				0	0
2	3	2	12	7			1200	0	1	0	2400	1200				1	0	0
2	4	1	13	1			950	1	0	0	2500	1550				1	0	0
2	4	1	8	2			200	1	0	0	2500	1500				0	0	0
2	4	1	11	3	1	1	1550	1	0	0	2500		1550	1500			0	0
2	4	1	14	4			1300	0	1	0	2500	1200				1	0	0
2	4	1	12	5			1300	0	1	0	2500	1200				1	0	0
2	4	1	9	6	1	4	1200	0	1	0	2500		1200	1200			0	0
2	4	1	10	7	1	5	1200	0	1	0	2500		1200	1200			0	0
2	5	1	11	1			800	1	0	0	2500	1700				1	1	0
2	5	1	13	2			200	1	0	0	2500	1600				0	1	0
2	5	1	8	3	1	1	1700	1	0	0	2500		1700	1600	1200		1	0
2	5	1	12	4			1300	0	1	0	2500	1200				1	1	0
2	5	1	14	5			1300	0	1	0	2500	1200				1	1	0
2	5	1	10	6	1	4	1200	0	1	0	2500		1200	1200			1	0
2	5	1	9	7	1	5	1200	0	1	0	2500		1200	1200			1	0
2	6	1	8	1			500	1	0	0	2500	2000				1	1	0
2	6	1	11	2			200	1	0	0	2500	1800				0	1	0
2	6	1	13	3	1	1	2000	1	0	0	2500		2000	1800	1200		1	0
2	6	1	14	4			1300	0	1	0	2500	1200				0	1	0
2	6	1	9	5			1300	0	1	0	2500	1200				1	1	0
2	6	1	10	7	1	5	1200	0	1	0	2500		1200	1200			1	0
2	7	1	13	1			200	1	0	0	2500	1900				0	1	0
2	7	1	8	2			400	1	0	0	2500	2100				1	1	0
2	7	1	11	3	1	2	2100	1	0	0	2500		2100	1900	1200		1	0
2	7	1	10	4			1300	0	1	0	2500	1200				1	1	0
2	7	1	12	5			1300	0	1	0	2500	1200				0	1	0
2	7	1	9	6	1	4	1200	0	1	0	2500		1200	1200			1	0
2	7	1	14	7	1	4	1200	0	1	0	2500		1200	1200			1	0
2	8	1	8	1			200	1	0	0	2500	2000				0	1	0
2	8	1	11	2			400	1	0	0	2500	2100				1	1	0
2	8	1	13	3	1	2	2100	1	0	0	2500		2100	2000	1200		1	0
2	8	1	14	4			1300	0	1	0	2500	1200				1	1	0
2	8	1	10	5			1300	0	1	0	2500	1200				1	1	0
2	8	1	12	6	1	4	1200	0	1	0	2500		1200	1200			1	0
2	8	1	9	7	1	5	1200	0	1	0	2500		1200	1200			1	0
2	9	1	11	1			350	1	0	0	2500	2150				1	1	0
2	9	1	13	2			200	1	0	0	2500	2100				0	1	0
2	9	1	8	3	1	1	2150	1	0	0	2500		2150	2100	1200		1	0
2	9	1	10	4			0	0	1	0	2500	1200				0	1	0
2	9	1	9	5			1300	0	1	0	2500	1200				1	1	0
2	9	1	12	7	1	5	1200	0	1	0	2500		1200	1200			1	0
2	9	2	10	4	1	6	1150	0	1	0	2400		1150				1	0
2	9	2	14	6			1250	0	1	0	2400	1150				1	1	0
2	10	1	13	1			200	1	0	0	2500	0				0	1	0
2	10	1	8	2			300	1	0	0	2500	2200				1	1	0
2	10	1	11	3	1	2	2200	1	0	0	2500		2200	1200	0		1	0
2	10	1	9	4			1300	0	1	0	2500	1200				1	1	0
2	10	1	10	6	1	4	1200	0	1	0	2500		1200				1	0
2	10	1	14	7	0		0	0	1	0	2500		1200			0	1	0
2	10	2	12	5	0		0	0	1	0	2400		1150			0	1	0
2	10	2	14	7			0	0	1	0	2400	1150				0	1	0
2	10	3	12	5			1150	0	1	0	2300	1150				1	1	0
2	10	3	14	7	1	5	1150	0	1	0	2300		1150				1	0
3	1	1	15	1			0	1	0	0	2500	1250				0	0	0
3	1	1	18	2			0	1	0	0	2500	1200				0	0	0
3	1	1	20	3	0		0	1	0	0	2500		1250	1200		0	0	0
3	1	1	16	4			0	0	1	0	2500	1000				0	0	0
3	1	1	17	5			1250	0	1	0	2500	1250				1	0	0
3	1	1	19	6	1	5	1250	0	1	0	2500		1250	1000			0	0
3	1	1	21	7	1	5	0	0	1	0	2500		1250	1000			0	0
3	1	2	15	1	1	3	200	1	0	0	2400		1150				0	0
3	1	2	18	2	1	3	1150	1	0	0	2400		1150				0	0
3	1	2	20	3			1250	1	0	0	2400	1150				1	0	0
3	1	2	16	4	0		0	0	1	0	2400		400			0	0	0
3	1	2	21	7			0	0	1	0	2400	400				0	0	0
3	1	3	16	4			0	0	1	0	2300	1100				0	0	0
3	1	3	21	7	0		0	0	1	0	2300		1100			0	0	0
3	1	4	16	4	0		0	0	1	0	2200		500			0	0	0
3	1	4	21	7			0	0	1	0	2200	500				0	0	0
3	1	5	16	4			0	0	1	0	2100	1100				0	0	0
3	1	5	21	7	0		0	0	1	0	2100		1100			0	0	0
3	1	6	16	4	0		200	0	1	0	2000		600			0	0	0
3	1	6	21	7			200	0	1	0	2000	600				0	0	0
3	2	1	20	1			200	1	0	0	2500	1200				0	0	0
3	2	1	15	2			1200	1	0	0	2500	1300				1	0	0
3	2	1	18	3	1	2	1300	1	0	0	2500		1300	1200			0	0
3	2	1	19	4			1250	0	1	0	2500	1250				1	0	0
3	2	1	21	5			1250	0	1	0	2500	1250				0	0	0
3	2	1	16	6	1	4	1250	0	1	0	2500		1250	1250			0	0
3	2	1	17	7	1	4	1250	0	1	0	2500		1250	1250			0	0
3	3	1	18	1			0	1	0	0	2500	1400				0	0	0
3	3	1	20	2			0	1	0	0	2500	1300				0	0	0
3	3	1	15	3	0		0	1	0	0	2500		1400	1300		0	0	0
3	3	1	17	4			1250	0	1	0	2500	1250				1	0	0
3	3	1	16	5			1250	0	1	0	2500	1250				0	0	0
3	3	1	21	6	1	4	1250	0	1	0	2500		1250	1250			0	0
3	3	1	19	7	1	4	1250	0	1	0	2500		1250	1250			0	0
3	3	2	18	1	1	1	900	1	0	0	2400		900				0	0
3	3	2	20	2	1	1	200	1	0	0	2400		900				0	0
3	3	2	15	3			1500	1	0	0	2400	900				0	0	0
3	4	1	20	1			0	1	0	0	2500	1400				0	0	0
3	4	1	15	2			0	1	0	0	2500	1400				0	0	0
3	4	1	18	3	0		0	1	0	0	2500		1400	1400		0	0	0
3	4	1	21	4			1250	0	1	0	2500	1250				1	0	0
3	4	1	19	5			0	0	1	0	2500	1200				0	0	0
3	4	1	16	6	1	4	1250	0	1	0	2500		1250	1200			0	0
3	4	1	17	7	1	4	0	0	1	0	2500		1250	1200			0	0
3	4	2	20	1	1	3	800	1	0	0	2400		800				0	0
3	4	2	15	2	1	3	200	1	0	0	2400		800				0	0
3	4	2	18	3			1600	1	0	0	2400	800				1	0	0
3	4	2	19	5	1	7	1200	0	1	0	2400		1200				0	0
3	4	2	17	7			1200	0	1	0	2400	1200				1	0	0
3	5	1	18	1			0	1	0	0	2500	1500				0	1	0
3	5	1	20	2			0	1	0	0	2500	1400				0	1	0
3	5	1	15	3	0		0	1	0	0	2500		1500	1400	1150	0	1	0
3	5	1	19	4			0	0	1	0	2500	1150				0	1	0
3	5	1	21	5			1300	0	1	0	2500	1200				1	1	0
3	5	1	17	6	1	5	1200	0	1	0	2500		1200	1150			1	0
3	5	1	16	7	1	5	0	0	1	0	2500		1200	1150			1	0
3	5	2	18	1	1	3	750	1	0	0	2400		750				1	0
3	5	2	20	2	1	3	200	1	0	0	2400		750				1	0
3	5	2	15	3			1650	1	0	0	2400	750				1	1	0
3	5	2	19	4	0		0	0	1	0	2400		1100			0	1	0
3	5	2	16	7			0	0	1	0	2400	1100				0	1	0
3	5	3	19	4			1250	0	1	0	2300	1050				1	1	0
3	5	3	16	7	1	4	1050	0	1	0	2300		1050				1	0
3	6	1	15	1			1000	1	0	0	2500	1500				1	1	0
3	6	1	18	2			200	1	0	0	2500	1500				0	1	0
3	6	1	20	3	1	1	1500	1	0	0	2500		1500	1500	1100		1	0
3	6	1	21	4			0	0	1	0	2500	1100				0	1	0
3	6	1	16	5			1300	0	1	0	2500	1200				1	1	0
3	6	1	19	6	0		0	0	1	0	2500		1200	1100		0	1	0
3	6	1	17	7	1	5	1200	0	1	0	2500		1200	1100			1	0
3	6	2	21	4	0		0	0	1	0	2400		1100			0	1	0
3	6	2	19	6			0	0	1	0	2400	1100				0	1	0
3	6	3	21	4			0	0	1	0	2300	1000				0	1	0
3	6	3	19	6	0		0	0	1	0	2300		1000			0	1	0
3	6	4	21	4	0		0	0	1	0	2200		1075			0	1	0
3	6	4	19	6			0	0	1	0	2200	1075				0	1	0
3	6	5	21	4			1300	0	1	0	2100	800				1	1	0
3	6	5	19	6	1	4	800	0	1	0	2100		800				1	0
3	7	1	20	1			200	1	0	0	2500	1500				0	1	0
3	7	1	15	2			900	1	0	0	2500	1600				1	1	0
3	7	1	18	3	1	2	1600	1	0	0	2500		1600	1500	1250		1	0
3	7	1	17	4			1250	0	1	0	2500	1250				1	1	0
3	7	1	19	5			0	0	1	0	2500	1200				0	1	0
3	7	1	16	6	1	4	1250	0	1	0	2500		1250	1200			1	0
3	7	1	21	7	1	4	0	0	1	0	2500		1250	1200			1	0
3	7	2	19	5	0		0	0	1	0	2400		1100			0	1	0
3	7	2	21	7			0	0	1	0	2400	1100				0	1	0
3	7	3	19	5			0	0	1	0	2300	1150				0	1	0
3	7	3	21	7	0		0	0	1	0	2300		1150			0	1	0
3	7	4	19	5	0		0	0	1	0	2200		950			0	1	0
3	7	4	21	7			0	0	1	0	2200	950				0	1	0
3	7	5	19	5			200	0	1	0	2100	900				0	1	0
3	7	5	21	7	0		200	0	1	0	2100		900			0	1	0
3	8	1	15	1			200	1	0	0	2500	1600				0	1	0
3	8	1	18	2			750	1	0	0	2500	1750				1	1	0
3	8	1	20	3	1	2	1750	1	0	0	2500		1750	1600	1150		1	0
3	8	1	21	4			1350	0	1	0	2500	1150				1	1	0
3	8	1	17	5			1250	0	1	0	2500	1250				1	1	0
3	8	1	19	6	1	5	1250	0	1	0	2500		1250	1150			1	0
3	8	1	16	7	1	4	1150	0	1	0	2500		1250	1150			1	0
3	9	1	18	1			650	1	0	0	2500	1850				1	1	0
3	9	1	20	2			200	1	0	0	2500	1800				0	1	0
3	9	1	15	3	1	1	1850	1	0	0	2500		1850	1800	1250		1	0
3	9	1	17	4			1250	0	1	0	2500	1250				0	1	0
3	9	1	16	5			1250	0	1	0	2500	1250				1	1	0
3	9	1	21	6	1	5	1250	0	1	0	2500		1250	1250			1	0
3	9	1	19	7	1	5	1250	0	1	0	2500		1250	1250			1	0
3	10	1	20	1			200	1	0	0	2500	2000				0	1	0
3	10	1	15	2			500	1	0	0	2500	2000				1	1	0
3	10	1	18	3	1	2	2000	1	0	0	2500		2000	2000	1200		1	0
3	10	1	16	4			0	0	1	0	2500	1200				0	1	0
3	10	1	19	5			1250	0	1	0	2500	1250				1	1	0
3	10	1	17	6	1	5	0	0	1	0	2500		1250	1200			1	0
3	10	1	21	7	1	5	1250	0	1	0	2500		1250	1200			1	0
3	10	2	16	4	1	6	1200	0	1	0	2400		1200				1	0
3	10	2	17	6			1200	0	1	0	2400	1200				1	1	0
4	1	1	22	1			200	1	0	0	2500	1250				0	0	0
4	1	1	25	2			1000	1	0	0	2500	1500				1	0	0
4	1	1	27	3	1	2	1500	1	0	0	2500		1500	1250			0	0
4	1	1	23	4			0	0	1	0	2500	1200				0	0	0
4	1	1	24	5			1250	0	1	0	2500	1250				1	0	0
4	1	1	26	6	1	5	1250	0	1	0	2500		1250	1200			0	0
4	1	1	28	7	1	5	0	0	1	0	2500		1250	1200			0	0
4	1	2	23	4	1	7	1200	0	1	0	2400		1200				0	0
4	1	2	28	7			1200	0	1	0	2400	1200				1	0	0
4	2	1	27	1			200	1	0	0	2500	1500				0	0	0
4	2	1	22	2			1000	1	0	0	2500	1500				1	0	0
4	2	1	25	3	1	2	1500	1	0	0	2500		1500	1500			0	0
4	2	1	26	4			0	0	1	0	2500	1000				0	0	0
4	2	1	28	5			1250	0	1	0	2500	1250				1	0	0
4	2	1	23	6	1	5	1250	0	1	0	2500		1250	1000			0	0
4	2	1	24	7	1	5	0	0	1	0	2500		1250	1000			0	0
4	2	2	26	4	1	7	1200	0	1	0	2400		1200				0	0
4	2	2	24	7			1200	0	1	0	2400	1200				1	0	0
4	3	1	25	1			200	1	0	0	2500	1525				0	0	0
4	3	1	27	2			900	1	0	0	2500	1600				1	0	0
4	3	1	22	3	1	2	1600	1	0	0	2500		1600	1525			0	0
4	3	1	24	4			1200	0	1	0	2500	1300				1	0	0
4	3	1	23	5			0	0	1	0	2500	1100				0	0	0
4	3	1	28	6	1	4	1300	0	1	0	2500		1300	1100			0	0
4	3	2	23	5	1	7	1200	0	1	0	2400		1200				0	0
4	3	2	26	7			1200	0	1	0	2400	1200				1	0	0
4	4	1	27	1			850	1	0	0	2500	1650				1	0	0
4	4	1	22	2			200	1	0	0	2500	1600				0	0	0
4	4	1	25	3	1	1	1650	1	0	0	2500		1650	1600			0	0
4	4	1	28	4			1250	0	1	0	2500	1250				1	0	0
4	4	1	26	5			0	0	1	0	2500	1201				0	0	0
4	4	1	23	6	1	4	1250	0	1	0	2500		1250	1201			0	0
4	4	1	24	7	1	4	0	0	1	0	2500		1250	1201			0	0
4	4	2	26	5	1	7	1200	0	1	0	2400		1200				0	0
4	4	2	24	7			1200	0	1	0	2400	1200				1	0	0
4	5	1	25	1			750	1	0	0	2500	1750				1	0	1
4	5	1	27	2			1200	1	0	0	2500	1300				1	0	1
4	5	1	22	3	1	1	1750	1	0	0	2500		1750	1300			0	1
4	5	1	26	4			1250	0	1	0	2500	1250				1	0	1
4	5	1	28	5			200	0	1	0	2500	1250				0	0	1
4	5	1	24	6	1	2	1300	0	1	0	2500		1300	1250	1250		0	1
4	5	1	23	7	1	4	1250	0	1	0	2500		1250	1250			0	1
4	6	1	22	1			650	1	0	0	2500	1850				1	0	1
4	6	1	25	2			1100	1	0	0	2500	1400				1	0	1
4	6	1	27	3	1	1	1850	1	0	0	2500		1850	1400			0	1
4	6	1	28	4			1200	0	1	0	2500	1300				1	0	1
4	6	1	23	5			200	0	1	0	2500	1200				0	0	1
4	6	1	26	6	1	2	1400	0	1	0	2500		1400	1300	1200		0	1
4	6	1	24	7	1	4	1300	0	1	0	2500		1300	1200			0	1
4	7	1	27	1			900	1	0	0	2500	1600				1	0	1
4	7	1	22	2			200	1	0	0	2500	1300				0	0	1
4	7	1	25	3	1	1	1600	1	0	0	2500		1600	1300			0	1
4	7	1	24	4			1100	0	1	0	2500	1400				1	0	1
4	7	1	26	5			1075	0	1	0	2500	1425				1	0	1
4	7	1	23	6	1	4	1400	0	1	0	2500		1425	1400	1300		0	1
4	7	1	28	7	1	5	1425	0	1	0	2500		1425	1400			0	1
4	8	1	22	1			1000	1	0	0	2500	1500				1	0	1
4	8	1	25	2			1000	1	0	0	2500	1500				1	0	1
4	8	1	27	3	1	1	1500	1	0	0	2500		1500	1500			0	1
4	8	1	28	4			1050	0	1	0	2500	1450				1	0	1
4	8	1	24	5			200	0	1	0	2500	1400				0	0	1
4	8	1	26	6	1	2	1500	0	1	0	2500		1500	1450	1400		0	1
4	8	1	23	7	1	4	1450	0	1	0	2500		1450	1400			0	1
4	9	1	25	1			800	1	0	0	2500	1700				1	0	1
4	9	1	27	2			1000	1	0	0	2500	1500				1	0	1
4	9	1	22	3	1	1	1700	1	0	0	2500		1700	1500			0	1
4	9	1	24	4			1000	0	1	0	2500	1500				1	0	1
4	9	1	23	5			200	0	1	0	2500	1300				0	0	1
4	9	1	28	6	1	2	1500	0	1	0	2500		1500	1500	1300		0	1
4	9	1	26	7	1	4	1500	0	1	0	2500		1500	1300			0	1
4	10	1	27	1			900	1	0	0	2500	1600				1	0	1
4	10	1	22	2			200	1	0	0	2500	1500				0	0	1
4	10	1	25	3	1	1	1600	1	0	0	2500		1600	1500			0	1
4	10	1	23	4			1000	0	1	0	2500	1500				0	0	1
4	10	1	26	5			1000	0	1	0	2500	1500				1	0	1
4	10	1	24	6	1	5	1500	0	1	0	2500		1500	1500	1500		0	1
4	10	1	28	7	1	5	1500	0	1	0	2500		1500	1500			0	1
5	1	1	29	1			1250	1	0	0	2500	1250				0	0	0
5	1	1	32	2			200	1	0	0	2500	1250				0	0	0
5	1	1	34	3	1	5	1250	1	0	0	2500		1250	1250			0	0
5	1	1	30	4			1250	0	1	0	2500	1250				1	0	0
5	1	1	31	5			1250	0	1	0	2500	1250				0	0	0
5	1	1	33	6	1	4	1250	0	1	0	2500		1250	1250			0	0
5	1	1	35	7	1	1	1250	0	1	0	2500		1250	1250			0	0
5	2	1	34	1			200	1	0	0	2500	1300				0	0	0
5	2	1	29	2			1200	1	0	0	2500	1300				1	0	0
5	2	1	32	3	1	2	1300	1	0	0	2500		1300	1300			0	0
5	2	1	33	4			1250	0	1	0	2500	1250				1	0	0
5	2	1	35	5			1250	0	1	0	2500	1250				1	0	0
5	2	1	30	6	1	4	1250	0	1	0	2500		1250	1250			0	0
5	2	1	31	7	1	5	1250	0	1	0	2500		1250	1250			0	0
5	3	1	32	1			200	1	0	0	2500	1350				0	0	0
5	3	1	34	2			1100	1	0	0	2500	1400				1	0	0
5	3	1	29	3	1	2	1400	1	0	0	2500		1400	1350			0	0
5	3	1	31	4			1250	0	1	0	2500	1250				1	0	0
5	3	1	30	5			0	0	1	0	2500	1200				0	0	0
5	3	1	35	6	1	4	1250	0	1	0	2500		1250	1200			0	0
5	3	1	33	7	0		0	0	1	0	2500		1250	1200		0	0	0
5	3	2	30	5	1	7	1200	0	1	0	2400		1200				0	0
5	3	2	33	7			1200	0	1	0	2400	1200				1	0	0
5	4	1	34	1			200	1	0	0	2500	1300				0	0	0
5	4	1	29	2			1100	1	0	0	2500	1400				1	0	0
5	4	1	32	3	1	2	1400	1	0	0	2500		1400	1300			0	0
5	4	1	35	4			1250	0	1	0	2500	1250				1	0	0
5	4	1	33	5			0	0	1	0	2500	1250				0	0	0
5	4	1	30	6	1	4	1250	0	1	0	2500		1250	1250			0	0
5	4	1	31	7	0		0	0	1	0	2500		1250	1250		0	0	0
5	4	2	33	5	0		0	0	1	0	2400		1100			0	0	0
5	4	2	31	7			0	0	1	0	2400	1100				0	0	0
5	4	3	33	5			0	0	1	0	2300	1150				0	0	0
5	4	3	31	7	0		0	0	1	0	2300		1150			0	0	0
5	4	4	33	5	0		0	0	1	0	2200		950			0	0	0
5	4	4	31	7			0	0	1	0	2200	950				0	0	0
5	4	5	33	5			1000	0	1	0	2100	1100				1	0	0
5	4	5	31	7	1	5	1100	0	1	0	2100		1100				0	0
5	5	1	32	1			1000	1	0	0	2500	1500				1	0	1
5	5	1	34	2			0	1	0	0	2500	1400				0	0	1
5	5	1	29	3	1	1	1500	1	0	0	2500		1500	1400			0	1
5	5	1	33	4			1200	0	1	0	2500	1300				1	0	1
5	5	1	35	5			0	0	1	0	2500	1250				0	0	1
5	5	1	31	6	1	4	0	0	1	0	2500		1400	1300	1250		0	1
5	5	1	30	7	1	4	1300	0	1	0	2500		1300	1250			0	1
5	5	2	34	2	1	6	200	1	0	0	2400		1100				0	1
5	5	2	35	5	1	6	1100	0	1	0	2400		1100				0	1
5	5	2	31	6			1300	0	1	0	2400	1100				1	0	1
5	6	1	29	1			200	1	0	0	2500	1400				0	0	1
5	6	1	32	2			1000	1	0	0	2500	1500				1	0	1
5	6	1	34	3	1	2	1500	1	0	0	2500		1500	1400			0	1
5	6	1	35	4			0	0	1	0	2500	1350				0	0	1
5	6	1	30	5			1200	0	1	0	2500	1300				1	0	1
5	6	1	33	6	1	5	1300	0	1	0	2500		1500	1350	1300		0	1
5	6	1	31	7	0		0	0	1	0	2500		1350	1300		0	0	1
5	6	2	35	4	0		0	0	1	0	2400		1000			0	0	1
5	6	2	31	7			0	0	1	0	2400	1000				0	0	1
5	6	3	35	4			0	0	1	0	2300	1150				0	0	1
5	6	3	31	7	0		0	0	1	0	2300		1150			0	0	1
5	6	4	35	4	0		0	0	1	0	2200		700			0	0	1
5	6	4	31	7			0	0	1	0	2200	700				0	0	1
5	6	5	35	4			0	0	1	0	2100	1050				0	0	1
5	6	5	31	7	0		0	0	1	0	2100		1050			0	0	1
5	6	6	35	4	0		200	0	1	0	2000		300			0	0	1
5	6	6	31	7			200	0	1	0	2000	300				0	0	1
5	7	1	34	1			1000	1	0	0	2500	1500				1	0	1
5	7	1	29	2			1100	1	0	0	2500	1400				1	0	1
5	7	1	32	3	1	1	1500	1	0	0	2500		1500	1400			0	1
5	7	1	31	4			200	0	1	0	2500	1250				0	0	1
5	7	1	33	5			1000	0	1	0	2500	1500				1	0	1
5	7	1	30	6	1	2	1400	0	1	0	2500		1500	1400	1250		0	1
5	7	1	35	7	1	5	1500	0	1	0	2500		1500	1250			0	1
5	8	1	29	1			1000	1	0	0	2500	1500				1	0	1
5	8	1	32	2			0	1	0	0	2500	1525				0	0	1
5	8	1	34	3	1	1	1500	1	0	0	2500		1525	1500			0	1
5	8	1	35	4			1100	0	1	0	2500	1400				1	0	1
5	8	1	31	5			0	0	1	0	2500	1300				0	0	1
5	8	1	33	6	1	4	0	0	1	0	2500		1525	1400	1300		0	1
5	8	1	30	7	1	4	1400	0	1	0	2500		1400	1300			0	1
5	8	2	32	2	1	6	1200	1	0	0	2400		1200				0	1
5	8	2	31	5	0		200	0	1	0	2400		1200			0	0	1
5	8	2	33	6			1200	0	1	0	2400	1200				1	0	1
5	9	1	32	1			1000	1	0	0	2500	1500				1	0	1
5	9	1	34	2			1000	1	0	0	2500	1500				1	0	1
5	9	1	29	3	1	1	1500	1	0	0	2500		1500	1500			0	1
5	9	1	31	4			200	0	1	0	2500	1400				0	0	1
5	9	1	30	5			1200	0	1	0	2500	1300				1	0	1
5	9	1	35	6	1	2	1500	0	1	0	2500		1500	1400	1300		0	1
5	9	1	33	7	1	5	1300	0	1	0	2500		1400	1300			0	1
5	10	1	34	1			1000	1	0	0	2500	1500				1	0	1
5	10	1	29	2			975	1	0	0	2500	1525				1	0	1
5	10	1	32	3	1	1	1500	1	0	0	2500		1525	1500			0	1
5	10	1	30	4			200	0	1	0	2500	1400				0	0	1
5	10	1	33	5			1100	0	1	0	2500	1400				1	0	1
5	10	1	31	6	1	2	1525	0	1	0	2500		1525	1400	1400		0	1
5	10	1	35	7	1	5	1400	0	1	0	2500		1400	1400			0	1
6	1	1	36	1			200	1	0	0	2500	1000				0	0	0
6	1	1	39	2			1200	1	0	0	2500	1300				1	0	0
6	1	1	41	3	1	2	1300	1	0	0	2500		1300	1000			0	0
6	1	1	37	4			1250	0	1	0	2500	1250				1	0	0
6	1	1	38	5			0	0	1	0	2500	1250				0	0	0
6	1	1	40	6	1	4	0	0	1	0	2500		1250	1250			0	0
6	1	1	42	7	1	4	1250	0	1	0	2500		1250	1250			0	0
6	1	2	38	5	1	6	1200	0	1	0	2400		1200				0	0
6	1	2	40	6			1200	0	1	0	2400	1200				1	0	0
6	2	1	41	1			0	1	0	0	2500	1250				0	0	0
6	2	1	36	2			0	1	0	0	2500	1250				0	0	0
6	2	1	39	3	0		0	1	0	0	2500		1250	1250		0	0	0
6	2	1	40	4			1250	0	1	0	2500	1250				1	0	0
6	2	1	42	5			0	0	1	0	2500	1200				0	0	0
6	2	1	37	6	1	4	1250	0	1	0	2500		1250	1200			0	0
6	2	1	38	7	1	4	0	0	1	0	2500		1250	1200			0	0
6	2	2	41	1	1	3	200	1	0	0	2400		1000				0	0
6	2	2	36	2	1	3	1000	1	0	0	2400		1000				0	0
6	2	2	39	3			1400	1	0	0	2400	1000				1	0	0
6	2	2	42	5	1	7	1100	0	1	0	2400		1100				0	0
6	2	2	38	7			1300	0	1	0	2400	1100				1	0	0
6	3	1	39	1			1100	1	0	0	2500	1400				1	0	0
6	3	1	41	2			200	1	0	0	2500	1300				0	0	0
6	3	1	36	3	1	1	1400	1	0	0	2500		1400	1300			0	0
6	3	1	38	4			1250	0	1	0	2500	1250				1	0	0
6	3	1	37	5			1250	0	1	0	2500	1250				1	0	0
6	3	1	42	6	1	4	1250	0	1	0	2500		1250	1250			0	0
6	3	1	40	7	1	5	1250	0	1	0	2500		1250	1250			0	0
6	4	1	41	1			1000	1	0	0	2500	1500				1	0	0
6	4	1	36	2			200	1	0	0	2500	1300				0	0	0
6	4	1	39	3	1	1	1500	1	0	0	2500		1500	1300			0	0
6	4	1	42	4			0	0	1	0	2500	1200				0	0	0
6	4	1	40	5			1300	0	1	0	2500	1200				1	0	0
6	4	1	37	6	0		0	0	1	0	2500		1200	1200		0	0	0
6	4	1	38	7	1	5	1200	0	1	0	2500		1200	1200			0	0
6	4	2	42	4	0		0	0	1	0	2400		1100			0	0	0
6	4	2	37	6			0	0	1	0	2400	1100				0	0	0
6	4	3	42	4			0	0	1	0	2300	600				0	0	0
6	4	3	37	6	0		0	0	1	0	2300		600			0	0	0
6	4	4	37	6			0	0	1	0	2200	500				0	0	0
6	4	5	42	4			200	0	1	0	2100	400				0	0	0
6	4	5	37	6	0		200	0	1	0	2100		400			0	0	0
6	5	1	39	1			1100	1	0	0	2500	1400				1	0	1
6	5	1	41	2			1100	1	0	0	2500	1400				1	0	1
6	5	1	36	3	1	1	1400	1	0	0	2500		1400	1400			0	1
6	5	1	40	4			1250	0	1	0	2500	1250				1	0	1
6	5	1	42	5			200	0	1	0	2500	1100				0	0	1
6	5	1	38	6	1	2	1400	0	1	0	2500		1400	1250	1100		0	1
6	5	1	37	7	1	4	1250	0	1	0	2500		1250	1100			0	1
6	6	1	36	1			1100	1	0	0	2500	1400				0	0	1
6	6	1	39	2			1150	1	0	0	2500	1350				1	0	1
6	6	1	41	3	1	1	1400	1	0	0	2500		1400	1350			0	1
6	6	1	42	4			1250	0	1	0	2500	1250				0	0	1
6	6	1	37	5			200	0	1	0	2500	1300				1	0	1
6	6	1	40	6	1	2	1350	0	1	0	2500		1350	1300	1250		0	1
6	6	1	38	7	1	5	1250	0	1	0	2500		1300	1250			0	1
6	7	1	41	1			0	1	0	0	2500	1350				0	0	1
6	7	1	36	2			0	1	0	0	2500	1300				0	0	1
6	7	1	39	3	0		0	1	0	0	2500		1350	1300		0	0	1
6	7	1	38	4			1100	0	1	0	2500	1400				1	0	1
6	7	1	40	5			0	0	1	0	2500	1400				0	0	1
6	7	1	37	6	1	4	1400	0	1	0	2500		1400	1400	1300		0	1
6	7	1	42	7	0		0	0	1	0	2500		1400	1400		0	0	1
6	7	2	41	1	0		200	1	0	0	2400		900			0	0	1
6	7	2	36	2	1	2	900	1	0	0	2400		900				0	1
6	7	2	39	3			1500	1	0	0	2400	900				0	0	1
6	7	2	40	5	0		0	0	1	0	2400		700			0	0	1
6	7	2	42	7			0	0	1	0	2400	700				0	0	1
6	7	3	40	5			1150	0	1	0	2300	1150				1	0	1
6	7	3	42	7	1	5	1150	0	1	0	2300		1150				0	1
6	8	1	36	1			1100	1	0	0	2500	1400				1	0	1
6	8	1	39	2			1100	1	0	0	2500	1400				1	0	1
6	8	1	41	3	1	1	1400	1	0	0	2500		1400	1400			0	1
6	8	1	42	4			200	0	1	0	2500	1250				0	0	1
6	8	1	38	5			1100	0	1	0	2500	1400				1	0	1
6	8	1	40	6	1	2	1400	0	1	0	2500		1400	1400	1250		0	1
6	8	1	37	7	1	5	1400	0	1	0	2500		1400	1250			0	1
6	9	1	39	1			1100	1	0	0	2500	1400				1	0	1
6	9	1	41	2			200	1	0	0	2500	1300				0	0	1
6	9	1	36	3	1	1	1400	1	0	0	2500		1400	1300			0	1
6	9	1	38	4			1050	0	1	0	2500	1450				1	0	1
6	9	1	37	5			1100	0	1	0	2500	1400				1	0	1
6	9	1	42	6	1	4	1450	0	1	0	2500		1450	1400	1300		0	1
6	9	1	40	7	1	5	1400	0	1	0	2500		1450	1400			0	1
6	10	1	41	1			0	1	0	0	2500	1400				0	0	1
6	10	1	36	2			0	1	0	0	2500	1400				0	0	1
6	10	1	39	3	0		0	1	0	0	2500		1400	1400		0	0	1
6	10	1	37	4			1100	0	1	0	2500	1400				1	0	1
6	10	1	40	5			0	0	1	0	2500	1450				0	0	1
6	10	1	38	6	0		0	0	1	0	2500		1450	1400	1400	0	0	1
6	10	1	42	7	1	4	1400	0	1	0	2500		1450	1400			0	1
6	10	2	41	1	1	3	200	1	0	0	2400		900				0	1
6	10	2	36	2	1	3	900	1	0	0	2400		900	500			0	1
6	10	2	39	3			1500	1	0	0	2400	900				1	0	1
6	10	2	40	5	0		0	0	1	0	2400		500			0	0	1
6	10	2	38	6			0	0	1	0	2400	500				0	0	1
6	10	3	40	5			1150	0	1	0	2300	1150				1	0	1
6	10	3	38	6	1	5	1150	0	1	0	2300		1150				0	1
7	1	1	43	1			1250	1	0	0	2500	1250				1	0	0
7	1	1	46	2			200	1	0	0	2500	1250				0	0	0
7	1	1	48	3	1	1	1250	1	0	0	2500		1250	1250			0	0
7	1	1	44	4			1200	0	1	0	2500	1300				1	0	0
7	1	1	45	5			0	0	1	0	2500	1000				0	0	0
7	1	1	47	6	1	4	1300	0	1	0	2500		1300	1000			0	0
7	1	1	49	7	1	4	0	0	1	0	2500		1300	1000			0	0
7	1	2	45	5	1	7	1200	0	1	0	2400		1200				0	0
7	1	2	49	7			1200	0	1	0	2400	1200				1	0	0
7	2	1	48	1			200	1	0	0	2500	1300				0	0	0
7	2	1	43	2			1200	1	0	0	2500	1300				1	0	0
7	2	1	46	3	1	2	1300	1	0	0	2500		1300	1300			0	0
7	2	1	47	4			1300	0	1	0	2500	1200				1	0	0
7	2	1	49	5			1250	0	1	0	2500	1250				1	0	0
7	2	1	44	6	1	5	1250	0	1	0	2500		1250	1200			0	0
7	2	1	45	7	1	4	1200	0	1	0	2500		1250	1200			0	0
7	3	1	46	1			200	1	0	0	2500	1250				0	0	0
7	3	1	48	2			1150	1	0	0	2500	1350				1	0	0
7	3	1	43	3	1	2	1350	1	0	0	2500		1350	1250			0	0
7	3	1	45	4			0	0	1	0	2500	1200				0	0	0
7	3	1	44	5			1300	0	1	0	2500	1200				1	0	0
7	3	1	49	6	0		0	0	1	0	2500		1200	1200		0	0	0
7	3	1	47	7	1	5	1200	0	1	0	2500		1200	1200			0	0
7	3	2	45	4	1	6	1200	0	1	0	2400		1200				0	0
7	3	2	49	6			1200	0	1	0	2400	1200				1	0	0
7	4	1	48	1			1150	1	0	0	2500	1350				1	0	0
7	4	1	43	2			200	1	0	0	2500	1350				0	0	0
7	4	1	46	3	1	1	1350	1	0	0	2500		1350	1350			0	0
7	4	1	49	4			1250	0	1	0	2500	1250				1	0	0
7	4	1	47	5			0	0	1	0	2500	1250				0	0	0
7	4	1	44	6	1	4	1250	0	1	0	2500		1250	1250			0	0
7	4	1	45	7	0		0	0	1	0	2500		1250	1250		0	0	0
7	4	2	47	5	0		0	0	1	0	2400		1100			0	0	0
7	4	2	45	7			0	0	1	0	2400	1100				0	0	0
7	4	3	47	5			0	0	1	0	2300	201				0	0	0
7	4	3	45	7	0		0	0	1	0	2300		201			0	0	0
7	4	4	47	5	1	7	1050	0	1	0	2200		1050				0	0
7	4	4	45	7			1150	0	1	0	2200	1050				1	0	0
7	5	1	46	1			1200	1	0	0	2500	1300				1	0	1
7	5	1	48	2			200	1	0	0	2500	1300				0	0	1
7	5	1	43	3	1	1	1300	1	0	0	2500		1300	1300			0	1
7	5	1	47	4			0	0	1	0	2500	1250				0	0	1
7	5	1	49	5			1200	0	1	0	2500	1200				1	0	1
7	5	1	45	6	1	5	1300	0	1	0	2500		1300	1250	1200		0	1
7	5	1	44	7	1	5	0	0	1	0	2500		1250	1200			0	1
7	5	2	47	4	1	7	1200	0	1	0	2400		1200				0	1
7	5	2	44	7			1200	0	1	0	2400	1200				1	0	1
7	6	1	43	1			1200	1	0	0	2500	1300				1	0	1
7	6	1	46	2			1200	1	0	0	2500	1300				1	0	1
7	6	1	48	3	1	1	1300	1	0	0	2500		1300	1300			0	1
7	6	1	49	4			1150	0	1	0	2500	1350				1	0	1
7	6	1	44	5			200	0	1	0	2500	1200				0	0	1
7	6	1	47	6	1	2	1300	0	1	0	2500		1350	1300	1200		0	1
7	6	1	45	7	1	4	1350	0	1	0	2500		1350	1200			0	1
7	7	1	48	1			1175	1	0	0	2500	1325				1	0	1
7	7	1	43	2			200	1	0	0	2500	1300				0	0	1
7	7	1	46	3	1	1	1325	1	0	0	2500		1325	1300			0	1
7	7	1	45	4			0	0	1	0	2500	1300				0	0	1
7	7	1	47	5			0	0	1	0	2500	1300				0	0	1
7	7	1	44	6	0		0	0	1	0	2500		1300	1300	1300	0	0	1
7	7	1	49	7	0		0	0	1	0	2500		1300	1300		0	0	1
7	7	2	43	2	0		200	1	0	0	2400		1000			0	0	1
7	7	2	45	4	0		0	0	1	0	2400		1000	500		0	0	1
7	7	2	47	5	1	6	1000	0	1	0	2400		1000	500			0	1
7	7	2	44	6			1400	0	1	0	2400	1000				1	0	1
7	7	2	49	7			0	0	1	0	2400	500				0	0	1
7	7	3	45	4			0	0	1	0	2300	1100				0	0	1
7	7	3	49	7	0		0	0	1	0	2300		1100			0	0	1
7	7	4	45	4	1	7	1100	0	1	0	2200		1100				0	1
7	7	4	49	7			1100	0	1	0	2200	1100				1	0	1
7	8	1	43	1			1150	1	0	0	2500	1350				1	0	1
7	8	1	46	2			200	1	0	0	2500	1250				0	0	1
7	8	1	48	3	1	1	1350	1	0	0	2500		1350	1250			0	1
7	8	1	49	4			1150	0	1	0	2500	1350				1	0	1
7	8	1	45	5			0	0	1	0	2500	1325				0	0	1
7	8	1	47	6	1	4	1350	0	1	0	2500		1350	1325	1250		0	1
7	8	1	44	7	1	4	0	0	1	0	2500		1350	1325			0	1
7	8	2	45	5	1	7	1200	0	1	0	2400		1200				0	1
7	8	2	44	7			1200	0	1	0	2400	1200				1	0	1
7	9	1	46	1			1150	1	0	0	2500	1350				1	0	1
7	9	1	48	2			0	1	0	0	2500	1300				0	0	1
7	9	1	43	3	1	1	1350	1	0	0	2500		1350	1300			0	1
7	9	1	45	4			0	0	1	0	2500	1350				0	0	1
7	9	1	44	5			1150	0	1	0	2500	1350				1	0	1
7	9	1	49	6	0		0	0	1	0	2500		1350	1350	1300	0	0	1
7	9	1	47	7	1	5	1350	0	1	0	2500		1350	1350			0	1
7	9	2	48	2	0		0	1	0	0	2400		500			0	0	1
7	9	2	45	4	0		0	0	1	0	2400		500			0	0	1
7	9	2	49	6			0	0	1	0	2400	500				0	0	1
7	9	3	48	2			0	1	0	0	2300	1200				0	0	1
7	9	3	45	4			0	0	1	0	2300	1200				0	0	1
7	9	3	49	6	0		0	0	1	0	2300		1200	1200		0	0	1
7	9	4	48	2	1	6	900	1	0	0	2200		900				0	1
7	9	4	45	4	0		200	0	1	0	2200		900			0	0	1
7	9	4	49	6			1300	0	1	0	2200	900				1	0	1
7	10	1	48	1			1125	1	0	0	2500	1375				1	0	1
7	10	1	43	2			200	1	0	0	2500	1350				0	0	1
7	10	1	46	3	1	1	1375	1	0	0	2500		1375	1350			0	1
7	10	1	44	4			0	0	1	0	2500	1350				0	0	1
7	10	1	47	5			1100	0	1	0	2500	1400				1	0	1
7	10	1	45	6	1	5	1400	0	1	0	2500		1400	1350	1350		0	1
7	10	1	49	7	1	5	0	0	1	0	2500		1400	1350			0	1
7	10	2	44	4	1	7	1200	0	1	0	2400		1200				0	1
7	10	2	49	7			1200	0	1	0	2400	1200				1	0	1
8	1	1	50	1			200	1	0	0	2500	1200				0	0	0
8	1	1	53	2			1250	1	0	0	2500	1250				1	0	0
8	1	1	55	3	1	2	1250	1	0	0	2500		1250	1200			0	0
8	1	1	51	4			1250	0	0	1	2500	1250				1	0	0
8	1	1	52	5			0	0	0	1	2500	1000				0	0	0
8	1	1	54	6	1	4	1250	0	0	1	2500		1250				0	0
8	1	1	56	7	1	4	0	0	0	1	2500		1250	1000			0	0
8	1	2	52	5	1	7	1300	0	0	1	2400		1300				0	0
8	1	2	56	7			1100	0	0	1	2400	1300				1	0	0
8	2	1	55	1			1250	1	0	0	2500	1250				1	0	0
8	2	1	50	2			200	1	0	0	2500	1250				0	0	0
8	2	1	53	3	1	1	1250	1	0	0	2500		1250	1250			0	0
8	2	1	54	4			1250	0	0	1	2500	1250				1	0	0
8	2	1	56	5			0	0	0	1	2500	300				0	0	0
8	2	1	51	6	1	4	1250	0	0	1	2500		1250				0	0
8	2	1	52	7	0		0	0	0	1	2500		1250	300		0	0	0
8	2	2	56	5	1	7	250	0	0	1	2400		250				0	0
8	2	2	52	7			2150	0	0	1	2400	250				1	0	0
8	3	1	53	1			1200	1	0	0	2500	1300				1	0	0
8	3	1	55	2			200	1	0	0	2500	1275				0	0	0
8	3	1	50	3	1	1	1300	1	0	0	2500		1300	1275			0	0
8	3	1	52	4			1250	0	0	1	2500	1250				1	0	0
8	3	1	51	5			0	0	0	1	2500	1000				0	0	0
8	3	1	56	6	1	4	1250	0	0	1	2500		1250				0	0
8	3	1	54	7	1	4	0	0	0	1	2500		1250	1000			0	0
8	3	2	51	5	1	7	1200	0	0	1	2400		1200				0	0
8	3	2	54	7			1200	0	0	1	2400	1200				1	0	0
8	4	1	55	1			1200	1	0	0	2500	1300				1	0	0
8	4	1	50	2			200	1	0	0	2500	1300				0	0	0
8	4	1	53	3	1	1	1300	1	0	0	2500		1300	1300			0	0
8	4	1	56	4			1700	0	0	1	2500	800				1	0	0
8	4	1	54	5			0	0	0	1	2500	500				0	0	0
8	4	1	51	6	0		0	0	0	1	2500		800			0	0	0
8	4	1	52	7	1	4	800	0	0	1	2500		800	500			0	0
8	4	2	54	5	0		0	0	0	1	2400					0	0	0
8	4	2	51	6			0	0	0	1	2400	700				0	0	0
8	4	3	54	5			0	0	0	1	2300	500				0	0	0
8	4	3	51	6	0		0	0	0	1	2300					0	0	0
8	4	4	54	5	0		0	0	0	1	2200					0	0	0
8	4	4	51	6			0	0	0	1	2200	700				0	0	0
8	4	5	54	5			0	0	0	1	2100	500				0	0	0
8	4	5	51	6	0		0	0	0	1	2100					0	0	0
8	4	6	54	5	0		200	0	0	1	2000					0	0	0
8	4	6	51	6			200	0	0	1	2000	500				0	0	0
8	5	1	53	1			1000	1	0	0	2500	1500				1	1	0
8	5	1	55	2			200	1	0	0	2500	1400				0	1	0
8	5	1	50	3	1	1	1500	1	0	0	2500		1500	1400	1000		1	0
8	5	1	54	4			1500	0	0	1	2500	1000				1	1	0
8	5	1	56	5			0	0	0	1	2500	600				0	1	0
8	5	1	52	6	1	4	1000	0	0	1	2500		1000				1	0
8	5	1	51	7	1	4	0	0	0	1	2500		1000	600			1	0
8	5	2	56	5	1	5	1100	0	0	1	2400		1100				1	0
8	5	2	51	7			1300	0	0	1	2400	1100				0	1	0
8	6	1	50	1			200	1	0	0	2500	1525				0	1	0
8	6	1	53	2			900	1	0	0	2500	1600				1	1	0
8	6	1	55	3	1	2	1600	1	0	0	2500		1600	1525	1000		1	0
8	6	1	56	4			0	0	0	1	2500	1000				0	1	0
8	6	1	51	5			0	0	0	1	2500	1000				0	1	0
8	6	1	54	6	0		0	0	0	1	2500		1000			0	1	0
8	6	1	52	7	0		0	0	0	1	2500		1000	1000		0	1	0
8	6	2	56	4	1	6	1300	0	0	1	2400		1300	1200			1	0
8	6	2	51	5	1	7	1200	0	0	1	2400		1200				1	0
8	6	2	54	6			1100	0	0	1	2400	1300				1	1	0
8	6	2	52	7			1200	0	0	1	2400	1200				1	1	0
8	7	1	55	1			800	1	0	0	2500	1700				1	1	0
8	7	1	50	2			200	1	0	0	2500	1700				0	1	0
8	7	1	53	3	1	1	1700	1	0	0	2500		1700	1700	500		1	0
8	7	1	52	4			0	0	0	1	2500	500				0	1	0
8	7	1	54	5			1200	0	0	1	2500	1300				1	1	0
8	7	1	51	6	0		0	0	0	1	2500		500			0	1	0
8	7	1	56	7	1	5	1300	0	0	1	2500		1300	500			1	0
8	7	2	52	4	0		0	0	0	1	2400		1000			0	1	0
8	7	2	51	6			0	0	0	1	2400	1000				0	1	0
8	7	3	52	4			0	0	0	1	2300	300				0	1	0
8	7	3	51	6	0		0	0	0	1	2300		300			0	1	0
8	7	4	52	4	0		0	0	0	1	2200		1000			0	1	0
8	7	4	51	6			0	0	0	1	2200	1000				0	1	0
8	7	5	52	4			1100	0	0	1	2100	1000				1	1	0
8	7	5	51	6	1	4	1000	0	0	1	2100		1000				1	0
8	8	1	50	1			675	1	0	0	2500	1825				1	1	0
8	8	1	53	2			200	1	0	0	2500	1750				0	1	0
8	8	1	55	3	1	1	1825	1	0	0	2500		1825	1750	700		1	0
8	8	1	56	4			0	0	0	1	2500	700				0	1	0
8	8	1	52	5			1250	0	0	1	2500	1250				1	1	0
8	8	1	54	6	0		0	0	0	1	2500		700			0	1	0
8	8	1	51	7	1	5	1250	0	0	1	2500		1250	700			1	0
8	8	2	56	4	0		0	0	0	1	2400		1100			0	1	0
8	8	2	54	6			0	0	0	1	2400	1100				0	1	0
8	8	3	56	4			0	0	0	1	2300	1000				0	1	0
8	8	3	54	6	0		0	0	0	1	2300		1000			0	1	0
8	8	4	56	4	0		0	0	0	1	2200		1000			0	1	0
8	8	4	54	6			0	0	0	1	2200	1000				0	1	0
8	8	5	56	4			200	0	0	1	2100	400				0	1	0
8	8	5	54	6	0		200	0	0	1	2100		400			0	1	0
8	9	1	53	1			500	1	0	0	2500	2000				1	1	0
8	9	1	55	2			200	1	0	0	2500	1950				0	1	0
8	9	1	50	3	1	1	2000	1	0	0	2500		2000	1950	1000		1	0
8	9	1	52	4			0	0	0	1	2500	1000				0	1	0
8	9	1	51	5			1300	0	0	1	2500	1200				1	1	0
8	9	1	56	6	0		0	0	0	1	2500		1000			0	1	0
8	9	1	54	7	1	5	1200	0	0	1	2500		1200	1000			1	0
8	9	2	52	4	0		0	0	0	1	2400		500			0	1	0
8	9	2	56	6			0	0	0	1	2400	500				0	1	0
8	9	3	52	4			0	0	0	1	2300	1000				0	1	0
8	9	3	56	6	0		0	0	0	1	2300		1000			0	1	0
8	9	4	52	4	0		0	0	0	1	2200		300			0	1	0
8	9	4	56	6			0	0	0	1	2200	300				0	1	0
8	9	5	52	4			0	0	0	1	2100	1049				0	1	0
8	9	5	56	6	0		0	0	0	1	2100		1049			0	1	0
8	9	6	52	4	0		200	0	0	1	2000		300			0	1	0
8	9	6	56	6			200	0	0	1	2000	300				0	1	0
8	10	1	55	1			400	1	0	0	2500	2100				1	1	0
8	10	1	50	2			200	1	0	0	2500	2000				0	1	0
8	10	1	53	3	1	1	2100	1	0	0	2500		2100	2000	1000		1	0
8	10	1	51	4			1500	0	0	1	2500	1000				1	1	0
8	10	1	54	5			0	0	0	1	2500	700				0	1	0
8	10	1	52	6	1	4	1000	0	0	1	2500		1000				1	0
8	10	1	56	7	1	4	0	0	0	1	2500		1000	700			1	0
8	10	2	54	5	1	7	1200	0	0	1	2400		1200				1	0
8	10	2	56	7			1200	0	0	1	2400	1200				1	1	0
9	1	1	57	1			200	1	0	0	2500	1250				0	0	0
9	1	1	60	2			1200	1	0	0	2500	1300				1	0	0
9	1	1	62	3	1	2	1300	1	0	0	2500		1300	1250			0	0
9	1	1	58	4			1300	0	0	1	2500	1200				1	0	0
9	1	1	59	5			1200	0	0	1	2500	1300				1	0	0
9	1	1	61	6	1	4	1200	0	0	1	2500		1200				0	0
9	1	1	63	7	1	5	1300	0	0	1	2500		1300	1200			0	0
9	2	1	62	1			200	1	0	0	2500	1400				0	0	0
9	2	1	57	2			1100	1	0	0	2500	1400				1	0	0
9	2	1	60	3	1	2	1400	1	0	0	2500		1400	1400			0	0
9	2	1	61	4			1200	0	0	1	2500	1300				1	0	0
9	2	1	63	5			1200	0	0	1	2500	1300				1	0	0
9	2	1	58	6	1	4	1300	0	0	1	2500		1300				0	0
9	2	1	59	7	1	5	1300	0	0	1	2500		1300	1300			0	0
9	3	1	60	1			800	1	0	0	2500	1700				1	0	0
9	3	1	62	2			200	1	0	0	2500	1600				0	0	0
9	3	1	57	3	1	1	1700	1	0	0	2500		1700	1600			0	0
9	3	1	59	4			1500	0	0	1	2500	1000				1	0	0
9	3	1	58	5			1100	0	0	1	2500	1400				1	0	0
9	3	1	63	6	1	4	1000	0	0	1	2500		1000				0	0
9	3	1	61	7	1	5	1400	0	0	1	2500		1400	1000			0	0
9	4	1	62	1			500	1	0	0	2500	2000				1	0	0
9	4	1	57	2			200	1	0	0	2500	1600				0	0	0
9	4	1	60	3	1	1	2000	1	0	0	2500		2000	1600			0	0
9	4	1	63	4			0	0	0	1	2500	500				0	0	0
9	4	1	61	5			1100	0	0	1	2500	1400				1	0	0
9	4	1	58	6	0		0	0	0	1	2500		500			0	0	0
9	4	1	59	7	1	5	1400	0	0	1	2500		1400	500			0	0
9	4	2	63	4	1	7	1300	0	0	1	2400		1300				0	0
9	4	2	58	6			1100	0	0	1	2400	1300				0	0	0
9	5	1	60	1			200	1	0	0	2500	1750				0	1	0
9	5	1	62	2			500	1	0	0	2500	2000				1	1	0
9	5	1	57	3	1	2	2000	1	0	0	2500		2000	1750	1100		1	0
9	5	1	61	4			0	0	0	1	2500	1100				0	1	0
9	5	1	63	5			1200	0	0	1	2500	1300				1	1	0
9	5	1	59	6	0		0	0	0	1	2500		1100			0	1	0
9	5	1	58	7	1	5	1300	0	0	1	2500		1300	1100			1	0
9	5	2	61	4	1	6	1000	0	0	1	2400		1000				1	0
9	5	2	59	6			1400	0	0	1	2400	1000				1	1	0
9	6	1	57	1			500	1	0	0	2500	2000				1	1	0
9	6	1	60	2			200	1	0	0	2500	2010				0	1	0
9	6	1	62	3	1	1	2000	1	0	0	2500		2010	2000	1100		1	0
9	6	1	63	4			0	0	0	1	2500	1100				0	1	0
9	6	1	58	5			1200	0	0	1	2500	1300				1	1	0
9	6	1	61	6	0		0	0	0	1	2500		1100			0	1	0
9	6	1	59	7	1	5	1300	0	0	1	2500		1300	1100			1	0
9	6	2	63	4	1	6	1200	0	0	1	2400		1200				1	0
9	6	2	61	6			1200	0	0	1	2400	1200				1	1	0
9	7	1	62	1			400	1	0	0	2500	2100				1	1	0
9	7	1	57	2			200	1	0	0	2500	2100				0	1	0
9	7	1	60	3	1	1	2100	1	0	0	2500		2100	2100			1	0
9	7	1	61	5			1200	0	0	1	2500	1300				1	1	0
9	7	1	58	6	1	4	1200	0	0	1	2500						1	0
9	7	1	63	7	1	5	1300	0	0	1	2500		1300				1	0
9	8	1	57	1			400	1	0	0	2500	2100				1	1	0
9	8	1	60	2			200	1	0	0	2500	100				0	1	0
9	8	1	62	3	1	1	2100	1	0	0	2500		2100	1200	100		1	0
9	8	1	63	4			1300	0	0	1	2500	1200				1	1	0
9	8	1	59	5			1300	0	0	1	2500	1200				1	1	0
9	8	1	61	6	1	4	1200	0	0	1	2500		1200				1	0
9	8	1	58	7	1	5	1200	0	0	1	2500		1200	1200			1	0
9	9	1	60	1			400	1	0	0	2500	2100				1	1	0
9	9	1	62	2			200	1	0	0	2500	2100				0	1	0
9	9	1	57	3	1	1	2100	1	0	0	2500		2100	2100	2100		1	0
9	9	1	59	4			1300	0	0	1	2500	2100				1	1	0
9	9	1	58	5			1300	0	0	1	2500	1200				1	1	0
9	9	1	63	6	1	4	2100	0	0	1	2500		2100				1	0
9	9	1	61	7	1	5	1200	0	0	1	2500		2100	1200			1	0
9	10	1	62	1			300	1	0	0	2500	2200				1	1	0
9	10	1	57	2			200	1	0	0	2500	2100				0	1	0
9	10	1	60	3	1	1	2200	1	0	0	2500		2200	2100	1200		1	0
9	10	1	58	4			1300	0	0	1	2500	1200				1	1	0
9	10	1	61	5			1300	0	0	1	2500	1200				1	1	0
9	10	1	59	6	1	4	1200	0	0	1	2500		1200				1	0
9	10	1	63	7	1	5	1200	0	0	1	2500		1200	1200			1	0
10	1	1	64	1			1200	1	0	0	2500	1300				1	0	0
10	1	1	67	2			200	1	0	0	2500	1300				0	0	0
10	1	1	69	3	1	1	1300	1	0	0	2500		1300	1300			0	0
10	1	1	65	4			1050	0	0	1	2500	400				0	0	0
10	1	1	66	5			1250	0	0	1	2500	1250				1	0	0
10	1	1	68	6	0		1150	0	0	1	2500		400			0	0	0
10	1	1	70	7	1	5	1250	0	0	1	2500		1250	400			0	0
10	1	2	65	4	0		1050	0	0	1	2400		1000			0	0	0
10	1	3	65	4			1050	0	0	1	2300	1000				0	0	0
10	1	4	65	4	1	6	1050	0	0	1	2200		1050				0	0
10	2	1	69	1			1100	1	0	0	2500	1400				1	0	0
10	2	1	64	2			200	1	0	0	2500	1350				0	0	0
10	2	1	67	3	1	1	1400	1	0	0	2500		1400	1350			0	0
10	2	1	68	4			1300	0	0	1	2500	1200				1	0	0
10	2	1	70	5			1200	0	0	1	2500	1300				1	0	0
10	2	1	65	6	1	4	1200	0	0	1	2500		1200				0	0
10	2	1	66	7	1	5	1300	0	0	1	2500		1300	1200			0	0
10	3	1	67	1			1050	1	0	0	2500	1450				1	0	0
10	3	1	69	2			200	1	0	0	2500	1400				0	0	0
10	3	1	64	3	1	1	1450	1	0	0	2500		1450	1400			0	0
10	3	1	66	4			1250	0	0	1	2500	1250				1	0	0
10	3	1	65	5			1200	0	0	1	2500	1300				1	0	0
10	3	1	70	6	1	4	1250	0	0	1	2500		1250				0	0
10	3	1	68	7	1	5	1300	0	0	1	2500		1300	1250			0	0
10	4	1	69	1			900	1	0	0	2500	1600				1	0	0
10	4	1	64	2			200	1	0	0	2500	1500				0	0	0
10	4	1	67	3	1	1	1600	1	0	0	2500		1600	1500			0	0
10	4	1	70	4			0	0	0	1	2500	1225				0	0	0
10	4	1	68	5			1200	0	0	1	2500	1300				1	0	0
10	4	1	65	6	0		0	0	0	1	2500		1225			0	0	0
10	4	1	66	7	1	5	1300	0	0	1	2500		1300	1225			0	0
10	4	2	70	4	0		0	0	0	1	2400		1100			0	0	0
10	4	2	65	6			0	0	0	1	2400	1100				0	0	0
10	4	3	70	4			1150	0	0	1	2300	1150				0	0	0
10	4	3	65	6	1	6	1150	0	0	1	2300		1150				0	0
10	5	1	67	1			200	1	0	0	2500	1675				0	1	0
10	5	1	69	2			825	1	0	0	2500	1675				0	1	0
10	5	1	68	4			1300	0	0	1	2500	1200				1	1	0
10	5	1	70	5			1200	0	0	1	2500	1300				1	1	0
10	5	1	66	6	1	4	1200	0	0	1	2500		1200				1	0
10	5	1	65	7	1	5	1300	0	0	1	2500		1300	1200			1	0
10	6	1	64	1			200	1	0	0	2500	1800				0	1	0
10	6	1	67	2			675	1	0	0	2500	1825				1	1	0
10	6	1	69	3	1	2	1825	1	0	0	2500		1825	1800	1200		1	0
10	6	1	70	4			1300	0	0	1	2500	1200				1	1	0
10	6	1	65	5			1150	0	0	1	2500	1350				1	1	0
10	6	1	68	6	1	4	1200	0	0	1	2500		1200				1	0
10	6	1	66	7	1	5	1350	0	0	1	2500		1350	1200			1	0
10	7	1	69	1			475	1	0	0	2500	2025				1	1	0
10	7	1	64	2			200	1	0	0	2500	2000				0	1	0
10	7	1	67	3	1	1	2025	1	0	0	2500		2025	2000	1250		1	0
10	7	1	66	4			1250	0	0	1	2500	1250				1	1	0
10	7	1	68	5			1250	0	0	1	2500	1250				1	1	0
10	7	1	65	6	1	4	1250	0	0	1	2500		1250				1	0
10	7	1	70	7	1	5	1250	0	0	1	2500		1250	1250			1	0
10	8	1	64	1			250	1	0	0	2500	2250				1	1	0
10	8	1	67	2			200	1	0	0	2500	2085				0	1	0
10	8	1	69	3	1	1	2250	1	0	0	2500		2250	2085	1200		1	0
10	8	1	70	4			1300	0	0	1	2500	1200				1	1	0
10	8	1	66	5			1250	0	0	1	2500	1250				1	1	0
10	8	1	68	6	1	4	1200	0	0	1	2500		1200				1	0
10	8	1	65	7	1	5	1250	0	0	1	2500		1250	1200			1	0
10	9	1	67	1			200	1	0	0	2500	2225				0	1	0
10	9	1	69	2			250	1	0	0	2500	2250				1	1	0
10	9	1	64	3	1	2	2250	1	0	0	2500		2250	2225	1250		1	0
10	9	1	66	4			1250	0	0	1	2500	1250				1	1	0
10	9	1	65	5			1250	0	0	1	2500	1250				1	1	0
10	9	1	70	6	1	4	1250	0	0	1	2500		1250				1	0
10	9	1	68	7	1	5	1250	0	0	1	2500		1250	1250			1	0
10	10	1	69	1			250	1	0	0	2500	2250				1	1	0
10	10	1	64	2			200	1	0	0	2500	2050				0	1	0
10	10	1	67	3	1	1	2250	1	0	0	2500		2250	2050	1100		1	0
10	10	1	65	4			1400	0	0	1	2500	1100				1	1	0
10	10	1	68	5			1250	0	0	1	2500	1250				1	1	0
10	10	1	66	6	1	4	1100	0	0	1	2500		1100				1	0
10	10	1	70	7	1	5	1250	0	0	1	2500		1250	1100			1	0
11	1	1	71	1			200	1	0	0	2500	1300				0	0	0
11	1	1	74	2			1000	1	0	0	2500	1500				1	0	0
11	1	1	76	3	1	2	1500	1	0	0	2500		1500	1300			0	0
11	1	1	72	4			1250	0	0	1	2500	1250				1	0	0
11	1	1	73	5			0	0	0	1	2500	1000				0	0	0
11	1	1	75	6	1	4	1250	0	0	1	2500		1250				0	0
11	1	1	77	7	1	4	0	0	0	1	2500		1250	1000			0	0
11	1	2	73	5	1	7	1200	0	0	1	2400		1200				0	0
11	1	2	77	7			1200	0	0	1	2400	1200				1	0	0
11	2	1	76	1			1100	1	0	0	2500	1400				1	0	0
11	2	1	71	2			200	1	0	0	2500	1400				0	0	0
11	2	1	74	3	1	1	1400	1	0	0	2500		1400	1400			0	0
11	2	1	75	4			1500	0	0	1	2500	1000				1	0	0
11	2	1	77	5			950	0	0	1	2500	1550				1	0	0
11	2	1	72	6	1	4	1000	0	0	1	2500		1000				0	0
11	2	1	73	7	1	5	1550	0	0	1	2500		1550	1000			0	0
11	3	1	74	1			1000	1	0	0	2500	1500				1	0	0
11	3	1	76	2			200	1	0	0	2500	1400				0	0	0
11	3	1	71	3	1	1	1500	1	0	0	2500		1500	1400			0	0
11	3	1	73	4			0	0	0	1	2500	1100				0	0	0
11	3	1	72	5			1300	0	0	1	2500	1200				1	0	0
11	3	1	77	6	0		0	0	0	1	2500		1100			0	0	0
11	3	1	75	7	1	5	1200	0	0	1	2500		1200	1100			0	0
11	3	2	73	4	1	6	1200	0	0	1	2400		1200				0	0
11	3	2	77	6			1200	0	0	1	2400	1200				1	0	0
11	4	1	76	1			1000	1	0	0	2500	1500				0	0	0
11	4	1	71	2			200	1	0	0	2500	1425				0	0	0
11	4	1	77	4			1250	0	0	1	2500	1250				1	0	0
11	4	1	75	5			200	0	0	1	2500	1200				0	0	0
11	4	1	72	6	1	4	200	0	0	1	2500		1250				0	0
11	4	1	73	7	1	4	1250	0	0	1	2500		1250	1200			0	0
11	5	1	74	1			200	1	0	0	2500	1500				0	1	0
11	5	1	76	2			800	1	0	0	2500	1700				1	1	0
11	5	1	71	3	1	2	1700	1	0	0	2500		1700	1500	800		1	0
11	5	1	75	4			0	0	0	1	2500	800				0	1	0
11	5	1	77	5			1250	0	0	1	2500	1250				1	1	0
11	5	1	73	6	0		0	0	0	1	2500		800			0	1	0
11	5	1	72	7	1	5	1250	0	0	1	2500		1250	800			1	0
11	5	2	75	4	1	6	1200	0	0	1	2400		1200				1	0
11	5	2	73	6			1200	0	0	1	2400	1200				1	1	0
11	6	1	71	1			200	1	0	0	2500	1505				0	1	0
11	6	1	74	2			900	1	0	0	2500	1600				1	1	0
11	6	1	76	3	1	2	1600	1	0	0	2500		1600	1505	1000		1	0
11	6	1	77	4			0	0	0	1	2500	1000				0	1	0
11	6	1	72	5			1300	0	0	1	2500	1200				1	1	0
11	6	1	75	6	0		0	0	0	1	2500		1000			0	1	0
11	6	1	73	7	1	5	1200	0	0	1	2500		1200	1000			1	0
11	6	2	77	4	1	6	1200	0	0	1	2400		1200				1	0
11	6	2	75	6			1200	0	0	1	2400	1200				1	1	0
11	7	1	76	1			800	1	0	0	2500	1700				1	1	0
11	7	1	71	2			200	1	0	0	2500	1700				0	1	0
11	7	1	74	3	1	1	1700	1	0	0	2500		1700	1700	1200		1	0
11	7	1	73	4			1300	0	0	1	2500	1200				1	1	0
11	7	1	75	5			1300	0	0	1	2500	1200				1	1	0
11	7	1	72	6	1	4	1200	0	0	1	2500		1200				1	0
11	7	1	77	7	1	5	1200	0	0	1	2500		1200	1200			1	0
11	8	1	71	1			650	1	0	0	2500	1850				1	1	0
11	8	1	74	2			200	1	0	0	2500	1700				0	1	0
11	8	1	76	3	1	1	1850	1	0	0	2500		1850	1700	1200		1	0
11	8	1	77	4			1300	0	0	1	2500	1200				1	1	0
11	8	1	73	5			1250	0	0	1	2500	1250				1	1	0
11	8	1	75	6	1	4	1200	0	0	1	2500		1200				1	0
11	8	1	72	7	1	5	1250	0	0	1	2500		1250	1200			1	0
11	9	1	74	1			200	1	0	0	2500	1750				0	1	0
11	9	1	76	2			750	1	0	0	2500	1750				1	1	0
11	9	1	71	3	1	2	1750	1	0	0	2500		1750	1750	1200		1	0
11	9	1	73	4			1300	0	0	1	2500	1200				1	1	0
11	9	1	72	5			1300	0	0	1	2500	1200				1	1	0
11	9	1	77	6	1	4	1200	0	0	1	2500		1200				1	0
11	9	1	75	7	1	5	1200	0	0	1	2500		1200	1200			1	0
11	10	1	76	1			200	1	0	0	2500	1750				0	1	0
11	10	1	71	2			675	1	0	0	2500	1825				1	1	0
11	10	1	74	3	1	2	1825	1	0	0	2500		1825	1750	1200		1	0
11	10	1	72	4			1300	0	0	1	2500	1200				1	1	0
11	10	1	75	5			1300	0	0	1	2500	1200				0	1	0
11	10	1	73	6	1	4	1200	0	0	1	2500		1200				1	0
11	10	1	77	7	1	4	1200	0	0	1	2500		1200	1200			1	0
12	1	1	78	1			1100	1	0	0	2500	1400				1	0	0
12	1	1	81	2			200	1	0	0	2500	1000				0	0	0
12	1	1	83	3	1	1	1400	1	0	0	2500		1400	1000			0	0
12	1	1	79	4			0	0	0	1	2500	1000				0	0	0
12	1	1	80	5			1250	0	0	1	2500	1250				1	0	0
12	1	1	82	6	0		0	0	0	1	2500		1000			0	0	0
12	1	1	84	7	1	5	1250	0	0	1	2500		1250	1000			0	0
12	1	2	79	4	1	6	1200	0	0	1	2400		1200				0	0
12	1	2	82	6			1200	0	0	1	2400	1200				1	0	0
12	2	1	83	1			0	1	0	0	2500	1300				0	0	0
12	2	1	78	2			0	1	0	0	2500	1500				0	0	0
12	2	1	81	3	0		0	1	0	0	2500		1500	1300		0	0	0
12	2	1	82	4			1250	0	0	1	2500	1250				1	0	0
12	2	1	84	5			1225	0	0	1	2500	1275				1	0	0
12	2	1	79	6	1	4	1250	0	0	1	2500		1250				0	0
12	2	1	80	7	1	5	1275	0	0	1	2500		1275	1250			0	0
12	2	2	83	1	0		200	1	0	0	2400		400			0	0	0
12	2	2	78	2	1	3	400	1	0	0	2400		400				0	0
12	2	2	81	3			2000	1	0	0	2400	400				1	0	0
12	3	1	81	1			0	1	0	0	2500	1600				0	0	0
12	3	1	83	2			0	1	0	0	2500	1600				0	0	0
12	3	1	78	3	0		0	1	0	0	2500		1600	1600		0	0	0
12	3	1	80	4			1300	0	0	1	2500	1200				1	0	0
12	3	1	79	5			1200	0	0	1	2500	1300				1	0	0
12	3	1	84	6	1	4	1200	0	0	1	2500		1200				0	0
12	3	1	82	7	1	5	1300	0	0	1	2500		1300	1200			0	0
12	3	2	81	1	1	3	500	1	0	0	2400		500				0	0
12	3	2	83	2	1	3	200	1	0	0	2400		500				0	0
12	3	2	78	3			1900	1	0	0	2400	500				1	0	0
12	4	1	83	1			600	1	0	0	2500	1900				1	0	0
12	4	1	78	2			200	1	0	0	2500	1700				0	0	0
12	4	1	81	3	1	1	1900	1	0	0	2500		1900	1700			0	0
12	4	1	84	4			0	0	0	1	2500	1200				0	0	0
12	4	1	82	5			1250	0	0	1	2500	1250				1	0	0
12	4	1	79	6	0		0	0	0	1	2500		1200			0	0	0
12	4	1	80	7	1	5	1250	0	0	1	2500		1250	1200			0	0
12	4	2	84	4	1	6	1150	0	0	1	2400		1150				0	0
12	4	2	79	6			1250	0	0	1	2400	1150				1	0	0
12	5	1	81	1			0	1	0	0	2500	1500				0	0	1
12	5	1	83	2			0	1	0	0	2500	1500				0	0	1
12	5	1	78	3	0		0	1	0	0	2500		1500	1500		0	0	1
12	5	1	82	4			0	0	0	1	2500	1200				0	0	1
12	5	1	84	5			0	0	0	1	2500	1400				0	0	1
12	5	1	80	6	0		0	0	0	1	2500		1500	1200		0	0	1
12	5	1	79	7	0		0	0	0	1	2500		1400	1200		0	0	1
12	5	2	81	1	0		0	1	0	0	2400		300			0	0	1
12	5	2	83	2	1	4	0	1	0	0	2400		650	300			0	1
12	5	2	78	3			0	1	0	0	2400	300				0	0	1
12	5	2	82	4	1	4	650	0	0	1	2400		650	500			0	1
12	5	2	84	5	0		0	0	0	1	2400		500			0	0	1
12	5	2	80	6			1750	0	0	1	2400	650				0	0	1
12	5	2	79	7			0	0	0	1	2400	500				0	0	1
12	5	3	81	1			500	1	0	0	2300	1800				1	0	1
12	5	3	83	2			200	1	0	0	2300	1700				0	0	1
12	5	3	78	3	1	1	1800	1	0	0	2300		1800	1700			0	1
12	5	3	84	5			0	0	0	1	2300	500				0	0	1
12	5	3	79	7	0		0	0	0	1	2300		500			0	0	1
12	5	4	84	5	0		0	0	0	1	2200		700			0	0	1
12	5	4	79	7			0	0	0	1	2200	700				0	0	1
12	5	5	84	5			0	0	0	1	2100	1050				0	0	1
12	5	5	79	7	0		0	0	0	1	2100		1050			0	0	1
12	5	6	84	5	0		200	0	0	1	2000		400			0	0	1
12	5	6	79	7			200	0	0	1	2000	400				0	0	1
12	6	1	78	1			0	1	0	0	2500	1800				0	0	1
12	6	1	81	2			1000	1	0	0	2500	1500				1	0	1
12	6	1	83	3	0		0	1	0	0	2500		1800	1500		0	0	1
12	6	1	84	4			950	0	0	1	2500	1550				1	0	1
12	6	1	79	5			200	0	0	1	2500	1300				0	0	1
12	6	1	82	6	1	2	1500	0	0	1	2500		1550	1500			0	1
12	6	1	80	7	1	4	1550	0	0	1	2500		1550	1300			0	1
12	6	2	78	1	0		0	1	0	0	2400		500			0	0	1
12	6	2	83	3			0	1	0	0	2400	500				0	0	1
12	6	3	78	1			0	1	0	0	2300	800				0	0	1
12	6	3	83	3	0		0	1	0	0	2300		800			0	0	1
12	6	4	78	1	1	3	1100	1	0	0	2200		1100				0	1
12	6	4	83	3			1100	1	0	0	2200	1100				1	0	1
12	7	1	83	1			700	1	0	0	2500	1800				1	0	1
12	7	1	78	2			0	1	0	0	2500	1300				0	0	1
12	7	1	81	3	1	1	1800	1	0	0	2500		1800	1300			0	1
12	7	1	80	4			0	0	0	1	2500	1250				0	0	1
12	7	1	82	5			0	0	0	1	2500	1500				0	0	1
12	7	1	79	6	0		0	0	0	1	2500		1300	1250		0	0	1
12	7	1	84	7	0		0	0	0	1	2500		1500	1250		0	0	1
12	7	2	78	2	1	6	600	1	0	0	2400		600				0	1
12	7	2	80	4	0		0	0	0	1	2400		600	500		0	0	1
12	7	2	82	5	0		0	0	0	1	2400		500			0	0	1
12	7	2	79	6			1800	0	0	1	2400	600				1	0	1
12	7	2	84	7			0	0	0	1	2400	500				0	0	1
12	7	3	80	4			750	0	0	1	2300	1550				1	0	1
12	7	3	82	5			200	0	0	1	2300	1300				0	0	1
12	7	3	84	7	1	4	1550	0	0	1	2300		1550	1300			0	1
12	8	1	78	1			0	1	0	0	2500	1500				0	0	1
12	8	1	81	2			0	1	0	0	2500	1500				0	0	1
12	8	1	83	3	0		0	1	0	0	2500		1500	1500		0	0	1
12	8	1	84	4			900	0	0	1	2500	1600				1	0	1
12	8	1	80	5			200	0	0	1	2500	1550				0	0	1
12	8	1	82	6	1	4	0	0	0	1	2500		1600	1500			0	1
12	8	1	79	7	1	4	1600	0	0	1	2500		1600	1550			0	1
12	8	2	78	1	1	3	1000	1	0	0	2400		1000				0	1
12	8	2	81	2	1	6	1200	1	0	0	2400		1200	1000			0	1
12	8	2	83	3			1400	1	0	0	2400	1000				1	0	1
12	8	2	82	6			1200	0	0	1	2400	1200				1	0	1
12	9	1	81	1			0	1	0	0	2500	1600				0	0	1
12	9	1	83	2			0	1	0	0	2500	1400				0	0	1
12	9	1	78	3	0		0	1	0	0	2500		1600	1400		0	0	1
12	9	1	80	4			0	0	0	1	2500	1300				0	0	1
12	9	1	79	5			900	0	0	1	2500	1600				1	0	1
12	9	1	84	6	0		0	0	0	1	2500		1400	1300		0	0	1
12	9	1	82	7	1	5	1600	0	0	1	2500		1600	1300			0	1
12	9	2	81	1	1	3	200	1	0	0	2400		600				0	1
12	9	2	83	2	1	3	600	1	0	0	2400		600	500			0	1
12	9	2	78	3			1800	1	0	0	2400	600				1	0	1
12	9	2	80	4	1	6	500	0	0	1	2400		500				0	1
12	9	2	84	6			1900	0	0	1	2400	500				1	0	1
13	1	1	85	1			1000	1	0	0	2500	1500				1	0	0
13	1	1	88	2			200	1	0	0	2500	1200				0	0	0
13	1	1	90	3	1	1	1500	1	0	0	2500		1500	1200			0	0
13	1	1	86	4			1250	0	0	1	2500	1250				1	0	0
13	1	1	87	5			200	0	0	1	2500	1200				0	0	0
13	1	1	89	6	0		200	0	0	1	2500		1250			0	0	0
13	1	1	91	7	1	4	1250	0	0	1	2500		1250	1200			0	0
13	2	1	90	1			200	1	0	0	2500	1250				0	0	0
13	2	1	85	2			1200	1	0	0	2500	1300				0	0	0
13	2	1	88	3	1	5	1300	1	0	0	2500		1300	1250			0	0
13	2	1	89	4			1250	0	0	1	2500	1250				1	0	0
13	2	1	91	5			1200	0	0	1	2500	1300				0	0	0
13	2	1	86	6	1	4	1250	0	0	1	2500		1250				0	0
13	2	1	87	7	1	2	1300	0	0	1	2500		1300	1250			0	0
13	3	1	88	1			0	1	0	0	2500	1300				0	0	0
13	3	1	90	2			0	1	0	0	2500	1500				0	0	0
13	3	1	85	3	0		0	1	0	0	2500		1500	1300		0	0	0
13	3	1	87	4			1000	0	0	1	2500	1500				1	0	0
13	3	1	86	5			1200	0	0	1	2500	1300				1	0	0
13	3	1	91	6	1	4	1500	0	0	1	2500		1500				0	0
13	3	1	89	7	1	5	1300	0	0	1	2500		1500	1300			0	0
13	3	2	88	1	0		200	1	0	0	2400		700			0	0	0
13	3	2	90	2	1	3	700	1	0	0	2400		700				0	0
13	3	2	85	3			1700	1	0	0	2400	700				1	0	0
13	4	1	90	1			200	1	0	0	2500	1500				0	0	0
13	4	1	85	2			900	1	0	0	2500	1600				1	0	0
13	4	1	88	3	1	2	1600	1	0	0	2500		1600	1500			0	0
13	4	1	91	4			1200	0	0	1	2500	1300				1	0	0
13	4	1	89	5			0	0	0	1	2500	1000				0	0	0
13	4	1	86	6	1	4	1300	0	0	1	2500		1300				0	0
13	4	1	87	7	1	4	0	0	0	1	2500		1300	1000			0	0
13	4	2	89	5	0		0	0	0	1	2400		1200			0	0	0
13	4	2	87	7			0	0	0	1	2400	1200				0	0	0
13	4	3	89	5			0	0	0	1	2300	800				0	0	0
13	4	3	87	7	0		0	0	0	1	2300		800			0	0	0
13	4	4	89	5	1	7	1200	0	0	1	2200		1200				0	0
13	4	4	87	7			1000	0	0	1	2200	1200				1	0	0
13	5	1	88	1			1100	1	0	0	2500	1400				1	0	1
13	5	1	90	2			1200	1	0	0	2500	1300				1	0	1
13	5	1	85	3	1	1	1400	1	0	0	2500		1400	1300			0	1
13	5	1	89	4			200	0	0	1	2500	1250				0	0	1
13	5	1	91	5			1200	0	0	1	2500	1300				1	0	1
13	5	1	87	6	1	2	1300	0	0	1	2500		1300	1250			0	1
13	5	1	86	7	1	5	1300	0	0	1	2500		1300	1250			0	1
13	6	1	85	1			1100	1	0	0	2500	1400				1	0	1
13	6	1	88	2			1100	1	0	0	2500	1400				1	0	1
13	6	1	90	3	1	1	1400	1	0	0	2500		1400	1400			0	1
13	6	1	91	4			1000	0	0	1	2500	1500				1	0	1
13	6	1	86	5			200	0	0	1	2500	1400				0	0	1
13	6	1	89	6	1	2	1400	0	0	1	2500		1500	1400			0	1
13	6	1	87	7	1	4	1500	0	0	1	2500		1500	1400			0	1
13	7	1	90	1			900	1	0	0	2500	1600				1	0	1
13	7	1	85	2			1100	1	0	0	2500	1400				1	0	1
13	7	1	88	3	1	1	1600	1	0	0	2500		1600	1400			0	1
13	7	1	87	4			200	0	0	1	2500	1250				0	0	1
13	7	1	89	5			1200	0	0	1	2500	1300				1	0	1
13	7	1	86	6	1	2	1400	0	0	1	2500		1400	1250			0	1
13	7	1	91	7	1	5	1300	0	0	1	2500		1300	1250			0	1
13	8	1	85	1			1000	1	0	0	2500	1500				1	0	1
13	8	1	88	2			1000	1	0	0	2500	1500				1	0	1
13	8	1	90	3	1	1	1500	1	0	0	2500		1500	1500			0	1
13	8	1	91	4			0	0	0	1	2500	1300				0	0	1
13	8	1	87	5			0	0	0	1	2500	1400				0	0	1
13	8	1	89	6	1	2	1500	0	0	1	2500		1500	1300			0	1
13	8	1	86	7	0		0	0	0	1	2500		1400	1300		0	0	1
13	8	2	91	4	1	7	800	0	0	1	2400		800				0	1
13	8	2	87	5	1	7	200	0	0	1	2400		800				0	1
13	8	2	86	7			1600	0	0	1	2400	800				1	0	1
13	9	1	88	1			1000	1	0	0	2500	1500				1	0	1
13	9	1	90	2			1100	1	0	0	2500	1400				1	0	1
13	9	1	85	3	1	1	1500	1	0	0	2500		1500	1400			0	1
13	9	1	87	4			200	0	0	1	2500	1350				0	0	1
13	9	1	86	5			1000	0	0	1	2500	1500				1	0	1
13	9	1	91	6	1	2	1400	0	0	1	2500		1400	1350			0	1
13	9	1	89	7	1	5	1500	0	0	1	2500		1500	1350			0	1
13	10	1	90	1			1000	1	0	0	2500	1500				1	0	1
13	10	1	85	2			1100	1	0	0	2500	1400				1	0	1
13	10	1	88	3	1	1	1500	1	0	0	2500		1500	1400			0	1
13	10	1	86	4			1000	0	0	1	2500	1500				1	0	1
13	10	1	89	5			200	0	0	1	2500	1300				0	0	1
13	10	1	87	6	1	2	1400	0	0	1	2500		1500	1400			0	1
13	10	1	91	7	1	4	1500	0	0	1	2500		1500	1300			0	1
14	1	1	92	1			200	1	0	0	2500	1200				0	0	0
14	1	1	95	2			1200	1	0	0	2500	1300				1	0	0
14	1	1	97	3	1	2	1300	1	0	0	2500		1300	1200			0	0
14	1	1	93	4			0	0	0	1	2500	1000				0	0	0
14	1	1	94	5			1000	0	0	1	2500	1500				1	0	0
14	1	1	96	6	0		0	0	0	1	2500		1000			0	0	0
14	1	1	98	7	1	5	1500	0	0	1	2500		1500	1000			0	0
14	1	2	93	4	1	6	1200	0	0	1	2400		1200				0	0
14	1	2	96	6			1200	0	0	1	2400	1200				1	0	0
14	2	1	97	1			200	1	0	0	2500	1300				0	0	0
14	2	1	92	2			1000	1	0	0	2500	1500				1	0	0
14	2	1	95	3	1	2	1500	1	0	0	2500		1500	1300			0	0
14	2	1	96	4			1300	0	0	1	2500	1200				1	0	0
14	2	1	98	5			0	0	0	1	2500	1300				0	0	0
14	2	1	93	6	1	4	1200	0	0	1	2500		1200				0	0
14	2	1	94	7	0		0	0	0	1	2500		1300	1200		0	0	0
14	2	2	98	5	0		0	0	0	1	2400		900			0	0	0
14	2	2	94	7			0	0	0	1	2400	900				0	0	0
14	2	3	98	5			1100	0	0	1	2300	1200				1	0	0
14	2	3	94	7	1	5	1200	0	0	1	2300		1200				0	0
14	3	1	95	1			200	1	0	0	2500	1400				0	0	0
14	3	1	97	2			1000	1	0	0	2500	1500				1	0	0
14	3	1	92	3	1	2	1500	1	0	0	2500		1500	1400			0	0
14	3	1	94	4			0	0	0	1	2500	1000				0	0	0
14	3	1	93	5			1100	0	0	1	2500	1400				1	0	0
14	3	1	98	6	0		0	0	0	1	2500		1000			0	0	0
14	3	1	96	7	1	5	1400	0	0	1	2500		1400	1000			0	0
14	3	2	94	4	1	6	1200	0	0	1	2400		1200				0	0
14	3	2	98	6			1200	0	0	1	2400	1200				1	0	0
14	4	1	97	1			200	1	0	0	2500	1500				0	0	0
14	4	1	92	2			950	1	0	0	2500	1550				1	0	0
14	4	1	95	3	1	2	1550	1	0	0	2500		1550	1500			0	0
14	4	1	98	4			0	0	0	1	2500	1200				0	0	0
14	4	1	96	5			1200	0	0	1	2500	1300				1	0	0
14	4	1	93	6	0		0	0	0	1	2500		1200			0	0	0
14	4	1	94	7	1	5	1300	0	0	1	2500		1300	1200			0	0
14	4	2	98	4	0		0	0	0	1	2400		1100			0	0	0
14	4	2	93	6			0	0	0	1	2400	1100				0	0	0
14	4	3	98	4			0	0	0	1	2300	1100				0	0	0
14	4	3	93	6	0		0	0	0	1	2300		1100			0	0	0
14	4	4	98	4	1	6	1100	0	0	1	2200		1100				0	0
14	4	4	93	6			1100	0	0	1	2200	1100				1	0	0
14	5	1	95	1			900	1	0	0	2500	1600				1	0	1
14	5	1	97	2			200	1	0	0	2500	950				0	0	1
14	5	1	92	3	1	1	1600	1	0	0	2500		1600	950			0	1
14	5	1	96	4			1100	0	0	1	2500	1400				1	0	1
14	5	1	98	5			1000	0	0	1	2500	1500				1	0	1
14	5	1	94	6	1	4	1400	0	0	1	2500		1400	950			0	1
14	5	1	93	7	1	5	1500	0	0	1	2500		1500	1400			0	1
14	6	1	92	1			900	1	0	0	2500	1600				1	0	1
14	6	1	95	2			200	1	0	0	2500	1300				0	0	1
14	6	1	97	3	1	1	1600	1	0	0	2500		1600	1300			0	1
14	6	1	98	4			1100	0	0	1	2500	1400				1	0	1
14	6	1	93	5			1100	0	0	1	2500	1400				1	0	1
14	6	1	96	6	1	4	1400	0	0	1	2500		1400	1300			0	1
14	6	1	94	7	1	5	1400	0	0	1	2500		1400	1400			0	1
14	7	1	97	1			850	1	0	0	2500	1650				1	0	1
14	7	1	92	2			0	1	0	0	2500	1550				0	0	1
14	7	1	95	3	1	1	1650	1	0	0	2500		1650	1550			0	1
14	7	1	94	4			0	0	0	1	2500	1300				0	0	1
14	7	1	96	5			1000	0	0	1	2500	1500				1	0	1
14	7	1	93	6	0		0	0	0	1	2500		1550	1300		0	0	1
14	7	1	98	7	1	5	1500	0	0	1	2500		1500	1300			0	1
14	7	2	92	2	1	6	500	1	0	0	2400		500				0	1
14	7	2	94	4	0		200	0	0	1	2400		500			0	0	1
14	7	2	93	6			1900	0	0	1	2400	500				1	0	1
14	8	1	92	1			900	1	0	0	2500	1600				1	0	1
14	8	1	95	2			0	1	0	0	2500	1500				0	0	1
14	8	1	97	3	1	1	1600	1	0	0	2500		1600	1500			0	1
14	8	1	98	4			0	0	0	1	2500	1500				0	0	1
14	8	1	94	5			1000	0	0	1	2500	1500				1	0	1
14	8	1	96	6	0		0	0	0	1	2500		1500	1500		0	0	1
14	8	1	93	7	1	5	1500	0	0	1	2500		1500	1500			0	1
14	8	2	95	2	1	6	600	1	0	0	2400		600				0	1
14	8	2	98	4	0		200	0	0	1	2400		600			0	0	1
14	8	2	96	6			1800	0	0	1	2400	600				1	0	1
14	9	1	95	1			0	1	0	0	2500	1500				0	0	1
14	9	1	97	2			0	1	0	0	2500	1250				0	0	1
14	9	1	92	3	0		0	1	0	0	2500		1500	1250		0	0	1
14	9	1	94	4			900	0	0	1	2500	1600				1	0	1
14	9	1	93	5			0	0	0	1	2500	1500				0	0	1
14	9	1	98	6	1	4	1600	0	0	1	2500		1600	1250			0	1
14	9	1	96	7	0		0	0	0	1	2500		1600	1500		0	0	1
14	9	2	95	1	0		200	1	0	0	2400		500			0	0	1
14	9	2	97	2	1	3	500	1	0	0	2400		500				0	1
14	9	2	92	3			1900	1	0	0	2400	500				1	0	1
14	9	2	93	5	1	7	1200	0	0	1	2400		1200				0	1
14	9	2	96	7			1200	0	0	1	2400	1200				1	0	1
14	10	1	97	1			850	1	0	0	2500	1650				1	0	1
14	10	1	92	2			950	1	0	0	2500	1550				1	0	1
14	10	1	95	3	1	1	1650	1	0	0	2500		1650	1550			0	1
14	10	1	93	4			0	0	0	1	2500	1500				0	0	1
14	10	1	96	5			0	0	0	1	2500	1500				0	0	1
14	10	1	94	6	1	2	1550	0	0	1	2500		1550	1500			0	1
14	10	1	98	7	0		0	0	0	1	2500		1500	1500		0	0	1
14	10	2	93	4	0		0	0	0	1	2400		400			0	0	1
14	10	2	96	5	0		0	0	0	1	2400		400			0	0	1
14	10	2	98	7			0	0	0	1	2400	400				0	0	1
14	10	3	93	4			0	0	0	1	2300	1400				0	0	1
14	10	3	96	5			0	0	0	1	2300	1400				0	0	1
14	10	3	98	7	0		0	0	0	1	2300		1400	1400		0	0	1
14	10	4	93	4	1	7	500	0	0	1	2200		500				0	1
14	10	4	96	5	1	7	200	0	0	1	2200		500				0	1
14	10	4	98	7			1700	0	0	1	2200	500				1	0	1
15	1	1	99	1			1000	1	0	0	2500	1500				1	0	0
15	1	1	102	2			200	1	0	0	2500	1250				0	0	0
15	1	1	104	3	1	1	1500	1	0	0	2500		1500	1250			0	0
15	1	1	100	4			0	0	0	1	2500	800				0	0	0
15	1	1	101	5			0	0	0	1	2500	1250				0	0	0
15	1	1	103	6	0		0	0	0	1	2500		800			0	0	0
15	1	1	105	7	0		0	0	0	1	2500		1250	800		0	0	0
15	1	2	100	4	1	6	1200	0	0	1	2400		1200	1000			0	0
15	1	2	101	5	0		0	0	0	1	2400		1000			0	0	0
15	1	2	103	6			1200	0	0	1	2400	1200				1	0	0
15	1	2	105	7			0	0	0	1	2400	1000				0	0	0
15	1	3	101	5			1150	0	0	1	2300	1150				1	0	0
15	1	3	105	7	1	5	1150	0	0	1	2300		1150				0	0
15	2	1	104	1			200	1	0	0	2500	1500				0	0	0
15	2	1	99	2			950	1	0	0	2500	1550				1	0	0
15	2	1	102	3	1	2	1550	1	0	0	2500		1550	1500			0	0
15	2	1	103	4			1400	0	0	1	2500	1100				1	0	0
15	2	1	105	5			0	0	0	1	2500	1100				0	0	0
15	2	1	100	6	1	4	1100	0	0	1	2500		1100				0	0
15	2	1	101	7	0		0	0	0	1	2500		1100	1100		0	0	0
15	2	2	105	5	0		0	0	0	1	2400		1100			0	0	0
15	2	2	101	7			0	0	0	1	2400	1100				0	0	0
15	2	3	105	5			1200	0	0	1	2300	1100				1	0	0
15	2	3	101	7	1	5	1100	0	0	1	2300		1100				0	0
15	3	1	102	1			0	1	0	0	2500	1500				0	0	0
15	3	1	104	2			0	1	0	0	2500	1700				0	0	0
15	3	1	99	3	0		0	1	0	0	2500		1700	1500		0	0	0
15	3	1	101	4			1400	0	0	1	2500	1100				1	0	0
15	3	1	100	5			1300	0	0	1	2500	1200				1	0	0
15	3	1	105	6	1	4	1100	0	0	1	2500		1100				0	0
15	3	1	103	7	1	5	1200	0	0	1	2500		1200	1100			0	0
15	3	2	102	1	1	3	600	1	0	0	2400		600				0	0
15	3	2	104	2	1	3	200	1	0	0	2400		600				0	0
15	3	2	99	3			1800	1	0	0	2400	600				1	0	0
15	4	1	104	1			200	1	0	0	2500	1700				0	0	0
15	4	1	99	2			700	1	0	0	2500	1800				1	0	0
15	4	1	102	3	1	2	1800	1	0	0	2500		1800	1700			0	0
15	4	1	105	4			0	0	0	1	2500	1000				0	0	0
15	4	1	103	5			1300	0	0	1	2500	1200				1	0	0
15	4	1	100	6	0		0	0	0	1	2500		1000			0	0	0
15	4	1	101	7	1	5	1200	0	0	1	2500		1200	1000			0	0
15	4	2	105	4	0		0	0	0	1	2400		1100			0	0	0
15	4	2	100	6			0	0	0	1	2400	1100				0	0	0
15	4	3	105	4			0	0	0	1	2300	1000				0	0	0
15	4	3	100	6	0		0	0	0	1	2300		1000			0	0	0
15	4	4	105	4	1	6	1100	0	0	1	2200		1100				0	0
15	4	4	100	6			1100	0	0	1	2200	1100				1	0	0
15	5	1	102	1			750	1	0	0	2500	1750				1	0	1
15	5	1	104	2			700	1	0	0	2500	1800				1	0	1
15	5	1	99	3	1	1	1750	1	0	0	2500		1800	1750			0	1
15	5	1	103	4			0	0	0	1	2500	1100				0	0	1
15	5	1	105	5			0	0	0	1	2500	1100				0	0	1
15	5	1	101	6	1	2	1800	0	0	1	2500		1800	1100			0	1
15	5	1	100	7	0		0	0	0	1	2500		1100	1100		0	0	1
15	5	2	103	4	1	7	200	0	0	1	2400		1100				0	1
15	5	2	105	5	1	7	1100	0	0	1	2400		1100				0	1
15	5	2	100	7			1300	0	0	1	2400	1100				1	0	1
15	6	1	99	1			600	1	0	0	2500	1900				1	0	1
15	6	1	102	2			750	1	0	0	2500	1750				1	0	1
15	6	1	104	3	1	1	1900	1	0	0	2500		1900	1750			0	1
15	6	1	105	4			0	0	0	1	2500	1100				0	0	1
15	6	1	100	5			0	0	0	1	2500	1400				0	0	1
15	6	1	103	6	1	2	1750	0	0	1	2500		1750	1100			0	1
15	6	1	101	7	0		0	0	0	1	2500		1400	1100		0	0	1
15	6	2	105	4	1	7	400	0	0	1	2400		400				0	1
15	6	2	100	5	0		200	0	0	1	2400		400			0	0	1
15	6	2	101	7			2000	0	0	1	2400	400				1	0	1
15	7	1	104	1			600	1	0	0	2500	1900				1	0	1
15	7	1	99	2			0	1	0	0	2500	1200				0	0	1
15	7	1	102	3	1	1	1900	1	0	0	2500		1900	1200			0	1
15	7	1	101	4			0	0	0	1	2500	1300				0	0	1
15	7	1	103	5			0	0	0	1	2500	1250				0	0	1
15	7	1	100	6	0		0	0	0	1	2500		1300	1200		0	0	1
15	7	1	105	7	0		0	0	0	1	2500		1300	1250		0	0	1
15	7	2	99	2	1	6	200	1	0	0	2400		900				0	1
15	7	2	101	4	1	6	900	0	0	1	2400		900	500			0	1
15	7	2	103	5	0		0	0	0	1	2400		500			0	0	1
15	7	2	100	6			1500	0	0	1	2400	900				1	0	1
15	7	2	105	7			0	0	0	1	2400	500				0	0	1
15	7	3	103	5			0	0	0	1	2300	1150				0	0	1
15	7	3	105	7	0		0	0	0	1	2300		1150			0	0	1
15	7	4	103	5	0		0	0	0	1	2200		400			0	0	1
15	7	4	105	7			0	0	0	1	2200	400				0	0	1
15	7	5	103	5			1100	0	0	1	2100	1000				1	0	1
15	7	5	105	7	1	5	1000	0	0	1	2100		1000				0	1
15	8	1	99	1			600	1	0	0	2500	1900				1	0	1
15	8	1	102	2			650	1	0	0	2500	1850				1	0	1
15	8	1	104	3	1	1	1900	1	0	0	2500		1900	1850			0	1
15	8	1	105	4			200	0	0	1	2500	1100				0	0	1
15	8	1	101	5			1100	0	0	1	2500	1400				1	0	1
15	8	1	103	6	1	2	1850	0	0	1	2500		1850	1100			0	1
15	8	1	100	7	1	5	1400	0	0	1	2500		1400	1100			0	1
15	9	1	102	1			700	1	0	0	2500	1800				1	0	1
15	9	1	104	2			700	1	0	0	2500	1800				1	0	1
15	9	1	99	3	1	1	1800	1	0	0	2500		1800	1800			0	1
15	9	1	101	4			1000	0	0	1	2500	1500				1	0	1
15	9	1	100	5			200	0	0	1	2500	1400				0	0	1
15	9	1	105	6	1	2	1800	0	0	1	2500		1800	1500			0	1
15	9	1	103	7	1	4	1500	0	0	1	2500		1500	1400			0	1
15	10	1	104	1			650	1	0	0	2500	1850				1	0	1
15	10	1	99	2			0	1	0	0	2500	1600				0	0	1
15	10	1	102	3	1	1	1850	1	0	0	2500		1850	1600			0	1
15	10	1	100	4			0	0	0	1	2500	1500				0	0	1
15	10	1	103	5			0	0	0	1	2500	1600				0	0	1
15	10	1	101	6	0		0	0	0	1	2500		1600	1500		0	0	1
15	10	1	105	7	0		0	0	0	1	2500		1600	1500		0	0	1
15	10	2	99	2	1	6	600	1	0	0	2400		600				0	1
15	10	2	100	4	1	6	0	0	0	1	2400		600	500			0	1
15	10	2	103	5	0		0	0	0	1	2400		500			0	0	1
15	10	2	101	6			1800	0	0	1	2400	600				1	0	1
15	10	2	105	7			0	0	0	1	2400	500				0	0	1
15	10	3	100	4			0	0	0	1	2300	1800				0	0	1
15	10	3	103	5			0	0	0	1	2300	1500				0	0	1
15	10	3	105	7	0		0	0	0	1	2300		1800	1500		0	0	1
15	10	4	100	4	0		200	0	0	1	2200		300			0	0	1
15	10	4	103	5	1	7	300	0	0	1	2200		300				0	1
15	10	4	105	7			1900	0	0	1	2200	300				1	0	1
