* Dictionary *
period:	period #
wage:		wage offer
manager:	manager id #
employee:	employee id #
session:	session #
table:	= 1 if subjects were given a payoff table, = 0 o/w
effort:	employee chosen effort 
cost:		cost associated with chosen effort
**************

period	wage	manager	employee	session	table	effort	cost
1	50	8	3	1	1	.1	0
1	40	5	6	1	1	.1	0
1	10	1	10	1	1	.1	0
1	40	6	5	1	1	.1	0
1	10	10	1	1	1	.1	0
1	50	4	7	1	1	.2	1
1	0	7	4	1	1	.1	0
1	50	3	8	1	1	.1	0
1	10	2	9	1	1	.1	0
1	30	9	2	1	1	.1	0
2	0	7	3	1	1	.1	0
2	0	10	10	1	1	.2	1
2	0	1	9	1	1	.1	0
2	20	5	5	1	1	.1	0
2	40	8	2	1	1	.1	0
2	30	3	7	1	1	.2	1
2	10	6	4	1	1	.1	0
2	0	2	8	1	1	.1	0
2	0	9	1	1	1	.1	0
2	50	4	6	1	1	.8	12
3	55	4	5	1	1	.1	0
3	30	6	3	1	1	.1	0
3	0	1	8	1	1	.1	0
3	0	2	7	1	1	.1	0
3	50	9	10	1	1	.6	8
3	0	8	1	1	1	.1	0
3	40	3	6	1	1	.7	10
3	0	10	9	1	1	.1	0
3	0	5	4	1	1	.1	0
3	0	7	2	1	1	.1	0
4	50	4	4	1	1	.1	0
4	0	6	2	1	1	.1	0
4	10	5	3	1	1	.1	0
4	20	10	8	1	1	.2	1
4	0	2	6	1	1	.1	0
4	40	3	5	1	1	.1	0
4	0	7	1	1	1	.1	0
4	40	8	10	1	1	.6	8
4	50	9	9	1	1	.3	2
4	0	1	7	1	1	.1	0
5	40	3	4	1	1	.1	0
5	10	2	5	1	1	.1	0
5	50	6	1	1	1	.7	10
5	40	7	10	1	1	.5	6
5	30	8	9	1	1	.3	2
5	50	4	3	1	1	.5	6
5	10	5	2	1	1	.1	0
5	0	1	6	1	1	.1	0
5	50	10	7	1	1	.3	2
5	30	9	8	1	1	.3	2
6	40	7	9	1	1	.3	2
6	40	10	6	1	1	.6	8
6	20	2	4	1	1	.2	1
6	50	5	1	1	1	.7	10
6	40	3	3	1	1	.5	6
6	50	6	10	1	1	.8	12
6	40	8	8	1	1	.4	4
6	60	4	2	1	1	.1	0
6	0	1	5	1	1	.1	0
6	40	9	7	1	1	.2	1
7	40	8	7	1	1	.2	1
7	50	9	6	1	1	.8	12
7	30	1	4	1	1	.3	2
7	50	6	9	1	1	.5	6
7	40	5	10	1	1	.6	8
7	40	4	1	1	1	.4	4
7	40	7	8	1	1	.3	2
7	50	2	3	1	1	.4	4
7	30	10	5	1	1	.1	0
7	40	3	2	1	1	.1	0
8	40	5	9	1	1	.4	4
8	50	6	8	1	1	.2	1
8	50	4	10	1	1	.7	10
8	30	8	6	1	1	.3	2
8	50	2	2	1	1	.1	0
8	50	9	5	1	1	.1	0
8	30	7	7	1	1	.1	0
8	40	1	3	1	1	.5	6
8	40	10	4	1	1	.4	4
8	40	3	1	1	1	.4	4
9	50	7	6	1	1	.8	12
9	40	1	2	1	1	.1	0
9	50	10	3	1	1	.4	4
9	30	2	1	1	1	.1	0
9	40	3	10	1	1	.2	1
9	30	8	5	1	1	.1	0
9	40	5	8	1	1	.1	0
9	40	9	4	1	1	.4	4
9	40	6	7	1	1	.2	1
9	50	4	9	1	1	.4	4
10	40	2	10	1	1	.5	6
10	50	4	8	1	1	.1	0
10	40	10	2	1	1	.1	0
10	40	6	6	1	1	.4	4
10	40	1	1	1	1	.3	2
10	50	7	5	1	1	.1	0
10	50	5	7	1	1	.4	4
10	50	8	4	1	1	.1	0
10	40	9	3	1	1	.4	4
10	40	3	9	1	1	.3	2
1	70	12	19	2	1	.1	0
1	30	16	15	2	1	.4	4
1	0	20	11	2	1	.1	0
1	20	13	18	2	1	.1	0
1	10	11	20	2	1	.1	0
1	50	17	14	2	1	.1	0
1	40	14	17	2	1	.4	4
1	20	15	16	2	1	.1	0
1	30	19	12	2	1	.1	0
1	45	18	13	2	1	.1	0
2	30	12	18	2	1	.1	0
2	30	13	17	2	1	.3	2
2	40	14	16	2	1	.4	4
2	0	20	20	2	1	.1	0
2	0	19	11	2	1	.1	0
2	60	16	14	2	1	.4	4
2	0	17	13	2	1	.1	0
2	25	18	12	2	1	.1	0
2	50	11	19	2	1	.1	0
2	0	15	15	2	1	.1	0
3	0	19	20	2	1	.5	6
3	0	18	11	2	1	.1	0
3	0	15	14	2	1	.1	0
3	0	12	17	2	1	.1	0
3	30	13	16	2	1	.5	6
3	0	17	12	2	1	.1	0
3	0	11	18	2	1	.1	0
3	0	20	19	2	1	.1	0
3	5	16	13	2	1	.1	0
3	40	14	15	2	1	.1	0
4	50	14	14	2	1	.5	6
4	30	11	17	2	1	.3	2
4	0	20	18	2	1	.1	0
4	0	12	16	2	1	.1	0
4	30	16	12	2	1	.1	0
4	40	13	15	2	1	.3	2
4	30	15	13	2	1	.4	4
4	20	18	20	2	1	.5	6
4	40	19	19	2	1	.1	0
4	0	17	11	2	1	.1	0
5	0	17	20	2	1	.7	10
5	5	19	18	2	1	.1	0
5	40	15	12	2	1	.1	0
5	5	16	11	2	1	.1	0
5	20	12	15	2	1	.1	0
5	30	13	14	2	1	.4	4
5	50	14	13	2	1	.6	8
5	0	20	17	2	1	.1	0
5	50	18	19	2	1	.1	0
5	40	11	16	2	1	.5	6
6	50	17	19	2	1	.1	0
6	40	18	18	2	1	.1	0
6	40	11	15	2	1	.3	2
6	60	13	13	2	1	.6	8
6	0	19	17	2	1	.1	0
6	30	12	14	2	1	.3	2
6	50	14	12	2	1	.1	0
6	40	16	20	2	1	1	18
6	30	15	11	2	1	.1	0
6	20	20	16	2	1	.1	0
7	30	12	13	2	1	.2	1
7	50	14	11	2	1	.5	6
7	60	16	19	2	1	.1	0
7	50	11	14	2	1	.5	6
7	40	20	15	2	1	.1	0
7	40	15	20	2	1	.9	15
7	10	17	18	2	1	.1	0
7	50	18	17	2	1	.6	8
7	15	19	16	2	1	.1	0
7	50	13	12	2	1	.1	0
8	30	16	18	2	1	.4	4
8	40	11	13	2	1	.2	1
8	0	19	15	2	1	.1	0
8	60	14	20	2	1	1	18
8	40	15	19	2	1	.1	0
8	0	20	14	2	1	.1	0
8	40	18	16	2	1	.1	0
8	40	12	12	2	1	.1	0
8	0	13	11	2	1	.1	0
8	0	17	17	2	1	.1	0
9	40	16	17	2	1	.3	2
9	100	11	12	2	1	.1	0
9	20	15	18	2	1	.1	0
9	0	13	20	2	1	.1	0
9	0	20	13	2	1	.1	0
9	0	17	16	2	1	.1	0
9	40	12	11	2	1	.5	6
9	60	14	19	2	1	.1	0
9	40	18	15	2	1	.1	0
9	20	19	14	2	1	.1	0
10	30	12	20	2	1	.1	0
10	0	17	15	2	1	.1	0
10	60	14	18	2	1	.1	0
10	40	16	16	2	1	.1	0
10	0	13	19	2	1	.1	0
10	40	18	14	2	1	.4	4
10	0	20	12	2	1	.1	0
10	20	11	11	2	1	.1	0
10	0	19	13	2	1	.1	0
10	0	15	17	2	1	.1	0
1	50	21	30	3	1	.4	4
1	70	30	21	3	1	.1	0
1	20	24	27	3	1	.1	0
1	90	29	22	3	1	.1	0
1	40	27	24	3	1	.1	0
1	60	28	23	3	1	.1	0
1	50	25	26	3	1	.1	0
1	50	26	25	3	1	.6	8
1	40	23	28	3	1	.1	0
1	60	22	29	3	1	.1	0
2	50	22	28	3	1	.1	0
2	50	21	29	3	1	.1	0
2	0	24	26	3	1	.1	0
2	0	26	24	3	1	.1	0
2	40	25	25	3	1	.1	0
2	40	28	22	3	1	.1	0
2	50	27	23	3	1	.1	0
2	0	30	30	3	1	.1	0
2	30	29	21	3	1	.1	0
2	30	23	27	3	1	.1	0
3	40	28	21	3	1	.1	0
3	50	26	23	3	1	.5	6
3	50	24	25	3	1	.1	0
3	30	23	26	3	1	.1	0
3	0	22	27	3	1	.1	0
3	0	27	22	3	1	.1	0
3	0	25	24	3	1	.8	12
3	0	30	29	3	1	.1	0
3	0	21	28	3	1	.1	0
3	20	29	30	3	1	.3	2
4	27	27	21	3	1	.1	0
4	50	26	22	3	1	.1	0
4	20	25	23	3	1	.3	2
4	0	30	28	3	1	.1	0
4	40	28	30	3	1	.3	2
4	0	22	26	3	1	.1	0
4	30	21	27	3	1	.1	0
4	10	29	29	3	1	.1	0
4	10	23	25	3	1	.1	0
4	0	24	24	3	1	.1	0
5	20	29	28	3	1	.1	0
5	0	22	25	3	1	.1	0
5	10	25	22	3	1	.1	0
5	0	30	27	3	1	.1	0
5	40	28	29	3	1	.5	6
5	50	26	21	3	1	.1	0
5	0	27	30	3	1	.1	0
5	60	24	23	3	1	.3	2
5	80	23	24	3	1	1	18
5	0	21	26	3	1	.1	0
6	50	27	29	3	1	.4	4
6	50	28	28	3	1	.1	0
6	50	24	22	3	1	.1	0
6	10	21	25	3	1	.1	0
6	50	26	30	3	1	.6	8
6	70	23	23	3	1	.7	10
6	50	29	27	3	1	.3	2
6	0	30	26	3	1	.1	0
6	0	22	24	3	1	.1	0
6	30	25	21	3	1	.1	0
7	50	24	21	3	1	.1	0
7	50	29	26	3	1	.1	0
7	0	21	24	3	1	.1	0
7	0	25	30	3	1	.1	0
7	50	27	28	3	1	.1	0
7	20	22	23	3	1	.3	2
7	75	23	22	3	1	.1	0
7	50	28	27	3	1	.1	0
7	0	30	25	3	1	.1	0
7	50	26	29	3	1	.6	8
8	75	23	21	3	1	.1	0
8	50	28	26	3	1	.1	0
8	30	29	25	3	1	.1	0
8	50	25	29	3	1	.6	8
8	50	26	28	3	1	.1	0
8	50	24	30	3	1	.4	4
8	40	21	23	3	1	.3	2
8	0	27	27	3	1	.1	0
8	0	30	24	3	1	.1	0
8	30	22	22	3	1	.1	0
9	50	28	25	3	1	.1	0
9	0	30	23	3	1	.1	0
9	50	26	27	3	1	.1	0
9	69	27	26	3	1	.1	0
9	70	25	28	3	1	.1	0
9	50	24	29	3	1	.5	6
9	10	22	21	3	1	.1	0
9	60	29	24	3	1	.1	0
9	40	21	22	3	1	.1	0
9	70	23	30	3	1	.1	0
10	42	21	21	3	1	.1	0
10	50	26	26	3	1	.1	0
10	0	29	23	3	1	.1	0
10	50	25	27	3	1	.1	0
10	40	28	24	3	1	.6	8
10	57	27	25	3	1	.2	1
10	0	22	30	3	1	.1	0
10	0	30	22	3	1	.1	0
10	80	23	29	3	1	.1	0
10	50	24	28	3	1	.1	0
1	45	33	38	4	0	.3	2
1	40	38	33	4	0	.5	6
1	25	31	40	4	0	.1	0
1	30	37	34	4	0	.3	2
1	30	35	36	4	0	.8	12
1	40	36	35	4	0	.1	0
1	30	39	32	4	0	.1	0
1	40	32	39	4	0	.3	2
1	35	34	37	4	0	.1	0
1	60	40	31	4	0	.1	0
2	30	32	38	4	0	.3	2
2	70	39	31	4	0	.1	0
2	45	34	36	4	0	.5	6
2	50	31	39	4	0	.7	10
2	30	35	35	4	0	.1	0
2	55	40	40	4	0	.7	10
2	65	33	37	4	0	.9	15
2	60	36	34	4	0	.5	6
2	45	38	32	4	0	.1	0
2	25	37	33	4	0	.1	0
3	50	39	40	4	0	.7	10
3	70	36	33	4	0	1	18
3	40	37	32	4	0	.1	0
3	30	32	37	4	0	.3	2
3	45	35	34	4	0	.3	2
3	68	33	36	4	0	.3	2
3	45	31	38	4	0	.5	6
3	55	38	31	4	0	.1	0
3	30	40	39	4	0	.3	2
3	40	34	35	4	0	.1	0
4	35	36	32	4	0	.1	0
4	50	32	36	4	0	.6	8
4	50	34	34	4	0	.4	4
4	40	37	31	4	0	.1	0
4	5	38	40	4	0	.1	0
4	50	33	35	4	0	.7	10
4	30	31	37	4	0	.3	2
4	40	35	33	4	0	.5	6
4	55	39	39	4	0	.8	12
4	50	40	38	4	0	.5	6
5	50	36	31	4	0	.1	0
5	60	38	39	4	0	.8	12
5	45	35	32	4	0	.1	0
5	61	33	34	4	0	.1	0
5	50	37	40	4	0	.7	10
5	45	40	37	4	0	.4	4
5	45	32	35	4	0	.1	0
5	60	34	33	4	0	1	18
5	45	39	38	4	0	.5	6
5	48	31	36	4	0	.4	4
6	60	38	38	4	0	.6	8
6	58	39	37	4	0	.7	10
6	50	37	39	4	0	.7	10
6	35	35	31	4	0	.1	0
6	50	32	34	4	0	.1	0
6	65	36	40	4	0	.8	12
6	60	34	32	4	0	.1	0
6	60	31	35	4	0	.9	15
6	70	40	36	4	0	.2	1
6	56	33	33	4	0	.9	15
7	40	40	35	4	0	.1	0
7	55	37	38	4	0	.5	6
7	30	36	39	4	0	.2	1
7	55	31	34	4	0	.1	0
7	55	39	36	4	0	.5	6
7	50	34	31	4	0	.1	0
7	55	35	40	4	0	.7	10
7	68	33	32	4	0	.1	0
7	55	38	37	4	0	.8	12
7	50	32	33	4	0	.7	10
8	55	38	36	4	0	.4	4
8	50	35	39	4	0	.7	10
8	75	36	38	4	0	.7	10
8	55	31	33	4	0	.9	15
8	64	33	31	4	0	.1	0
8	50	32	32	4	0	.1	0
8	50	37	37	4	0	.7	10
8	58	39	35	4	0	.6	8
8	50	40	34	4	0	.1	0
8	70	34	40	4	0	.8	12
9	56	33	40	4	0	.7	10
9	55	36	37	4	0	.9	15
9	50	37	36	4	0	.4	4
9	49	39	34	4	0	.1	0
9	56	31	32	4	0	.1	0
9	50	34	39	4	0	.7	10
9	30	40	33	4	0	.1	0
9	50	35	38	4	0	.5	6
9	50	32	31	4	0	.1	0
9	55	38	35	4	0	.4	4
10	55	34	38	4	0	.4	4
10	10	31	31	4	0	.1	0
10	58	33	39	4	0	.8	12
10	55	40	32	4	0	.1	0
10	50	37	35	4	0	.2	1
10	50	32	40	4	0	.1	0
10	55	39	33	4	0	.4	4
10	68	36	36	4	0	.5	6
10	50	35	37	4	0	.7	10
10	55	38	34	4	0	.2	1
1	50	41	50	5	0	.3	2
1	50	48	43	5	0	.8	12
1	40	43	48	5	0	.1	0
1	50	45	46	5	0	.3	2
1	20	47	44	5	0	.1	0
1	70	42	49	5	0	.4	4
1	40	46	45	5	0	.1	0
1	20	44	47	5	0	.1	0
1	0	49	42	5	0	.1	0
1	20	50	41	5	0	.1	0
2	45	41	49	5	0	.1	0
2	30	49	41	5	0	.1	0
2	40	42	48	5	0	.1	0
2	40	43	47	5	0	.1	0
2	40	44	46	5	0	.2	1
2	50	45	45	5	0	.1	0
2	10	46	44	5	0	.1	0
2	40	48	42	5	0	.6	8
2	5	47	43	5	0	.1	0
2	50	50	50	5	0	.3	2
3	60	42	47	5	0	.1	0
3	50	50	49	5	0	.1	0
3	20	45	44	5	0	.2	1
3	0	49	50	5	0	.1	0
3	50	48	41	5	0	.1	0
3	0	41	48	5	0	.1	0
3	0	43	46	5	0	.1	0
3	80	46	43	5	0	1	18
3	30	47	42	5	0	.5	6
3	30	44	45	5	0	.1	0
4	0	49	49	5	0	.1	0
4	60	48	50	5	0	.4	4
4	0	43	45	5	0	.1	0
4	25	41	47	5	0	.1	0
4	10	42	46	5	0	.1	0
4	70	44	44	5	0	.4	4
4	40	45	43	5	0	.4	4
4	0	50	48	5	0	.1	0
4	40	47	41	5	0	.2	1
4	70	46	42	5	0	1	18
5	60	46	41	5	0	.1	0
5	0	41	46	5	0	.1	0
5	45	49	48	5	0	.1	0
5	20	42	45	5	0	.1	0
5	50	43	44	5	0	.3	2
5	60	44	43	5	0	1	18
5	50	50	47	5	0	.1	0
5	40	45	42	5	0	.5	6
5	15	47	50	5	0	.1	0
5	30	48	49	5	0	.1	0
6	50	45	41	5	0	.7	10
6	0	41	45	5	0	.1	0
6	40	48	48	5	0	.1	0
6	0	47	49	5	0	.1	0
6	10	44	42	5	0	.2	1
6	50	50	46	5	0	.2	1
6	60	43	43	5	0	1	18
6	0	49	47	5	0	.1	0
6	50	42	44	5	0	.3	2
6	70	46	50	5	0	.3	2
7	50	50	45	5	0	.1	0
7	50	46	49	5	0	.1	0
7	60	45	50	5	0	.3	2
7	60	41	44	5	0	.4	4
7	50	47	48	5	0	.1	0
7	50	49	46	5	0	.1	0
7	50	42	43	5	0	.7	10
7	40	48	47	5	0	.1	0
7	50	44	41	5	0	.1	0
7	50	43	42	5	0	.6	8
8	70	42	42	5	0	.8	12
8	55	41	43	5	0	.8	12
8	0	48	46	5	0	.1	0
8	0	49	45	5	0	.1	0
8	50	43	41	5	0	.1	0
8	30	47	47	5	0	.1	0
8	15	45	49	5	0	.1	0
8	70	46	48	5	0	.4	4
8	30	44	50	5	0	.1	0
8	50	50	44	5	0	.3	2
9	50	45	48	5	0	.1	0
9	60	50	43	5	0	1	18
9	0	48	45	5	0	.1	0
9	50	42	41	5	0	.4	4
9	0	47	46	5	0	.1	0
9	0	44	49	5	0	.1	0
9	0	49	44	5	0	.1	0
9	60	46	47	5	0	.1	0
9	60	43	50	5	0	.3	2
9	60	41	42	5	0	.8	12
10	60	47	45	5	0	.1	0
10	0	45	47	5	0	.1	0
10	50	46	46	5	0	.1	0
10	0	48	44	5	0	.1	0
10	40	42	50	5	0	.2	1
10	60	41	41	5	0	.5	6
10	40	44	48	5	0	.1	0
10	0	49	43	5	0	.1	0
10	40	43	49	5	0	.1	0
10	60	50	42	5	0	.3	2
1	40	55	53	6	0	.3	2
1	32	57	51	6	0	.1	0
1	50	54	54	6	0	.2	1
1	80	53	55	6	0	.5	6
1	60	56	52	6	0	.5	6
1	0	52	56	6	0	.1	0
1	20	51	57	6	0	.1	0
2	40	57	57	6	0	.3	2
2	60	56	51	6	0	.1	0
2	45	51	56	6	0	.1	0
2	0	52	55	6	0	.1	0
2	20	53	54	6	0	.1	0
2	40	54	53	6	0	.3	2
2	25	55	52	6	0	.3	2
3	50	53	53	6	0	.5	6
3	45	57	56	6	0	.1	0
3	1	52	54	6	0	.1	0
3	0	51	55	6	0	.1	0
3	0	56	57	6	0	.1	0
3	25	55	51	6	0	.2	1
3	25	54	52	6	0	.3	2
4	0	51	54	6	0	.1	0
4	40	56	56	6	0	.4	4
4	20	57	55	6	0	.1	0
4	20	54	51	6	0	.1	0
4	24	55	57	6	0	.3	2
4	35	53	52	6	0	.5	6
4	35	52	53	6	0	.3	2
5	35	53	51	6	0	.2	1
5	30	52	52	6	0	.3	2
5	24	55	56	6	0	.2	1
5	40	57	54	6	0	.4	4
5	44	56	55	6	0	.4	4
5	30	54	57	6	0	.3	2
5	20	51	53	6	0	.1	0
6	38	55	55	6	0	.3	2
6	40	53	57	6	0	.3	2
6	35	51	52	6	0	.5	6
6	50	52	51	6	0	.2	1
6	46	56	54	6	0	.8	12
6	25	57	53	6	0	.1	0
6	30	54	56	6	0	.3	2
7	35	54	55	6	0	.4	4
7	50	52	57	6	0	.4	4
7	40	51	51	6	0	.1	0
7	50	57	52	6	0	.6	8
7	30	55	54	6	0	.3	2
7	46	56	53	6	0	.4	4
7	42	53	56	6	0	.2	1
8	60	57	51	6	0	.3	2
8	35	54	54	6	0	.4	4
8	25	55	53	6	0	.2	1
8	10	51	57	6	0	.1	0
8	54	56	52	6	0	.7	10
8	30	52	56	6	0	.1	0
8	45	53	55	6	0	.1	0
9	45	52	55	6	0	.1	0
9	5	51	56	6	0	.1	0
9	55	57	57	6	0	.4	4
9	54	56	51	6	0	.1	0
9	35	54	53	6	0	.3	2
9	40	55	52	6	0	.5	6
9	50	53	54	6	0	.8	12
10	25	52	54	6	0	.2	1
10	40	55	51	6	0	.1	0
10	35	54	52	6	0	.6	8
10	30	57	56	6	0	.1	0
10	54	56	57	6	0	.5	6
10	50	53	53	6	0	.5	6
10	1	51	55	6	0	.1	0
